version: 1
creator: callgrind-3.12.0.SVN
pid: 6243
cmd:  ./../avl
part: 1


desc: I1 cache: 
desc: D1 cache: 
desc: LL cache: 

desc: Timerange: Basic block 0 - 1775691131
desc: Trigger: Program termination

positions: line
events: Ir
summary: 14003129241


ob=(2) ???
fl=(16) ???
fn=(268) 0x0000000000108650
0 6

fn=(86) 0x0000000004000a90
0 1
cob=(1) /lib/x86_64-linux-gnu/ld-2.24.so
cfi=(17) /build/glibc-bDJTDn/glibc-2.24/elf/dl-minimal.c
cfn=(88) free
calls=1 118 
0 6

fn=(224) 0x0000000004a26560
0 6

fn=(318) 0x0000000004c47900
0 1
cob=(3) /lib/x86_64-linux-gnu/libc-2.24.so
cfi=(78) /build/glibc-bDJTDn/glibc-2.24/malloc/malloc.c
cfn=(320) malloc
calls=1 2914 
0 59234

ob=(1)
fl=(41) /build/glibc-bDJTDn/glibc-2.24/elf/dl-cache.c
fn=(146) _dl_cache_libcmp
139 33
+2 177
+2 8
+8 2
-2 4
+1 4
+1 8
+2 10
+2 4
cfn=(147) _dl_cache_libcmp'2
calls=2 -16 
* 12
+6 228
+2 114
+4 48
-28 48
+29 48
-29 96
+25 27

fn=(147)
139 6
+32 6

fn=(214) _dl_unload_cache
322 4
-1 1
+3 2
cfi=(36) /build/glibc-bDJTDn/glibc-2.24/misc/../sysdeps/unix/syscall-template.S
cfn=(216) munmap
calls=1 84 
* 5
+1 1
+2 2

fn=(142) _dl_load_cache_lookup
185 9
+8 2
+3 3
+51 3
+15 1
-6 1
+6 1
-6 1
+6 1
cfi=(24) /build/glibc-bDJTDn/glibc-2.24/io/../sysdeps/unix/syscall-template.S
cfn=(70) access
calls=1 84 
* 9
* 1
+4 1
-10 1
+6 1
+4 3
+15 135
cfn=(146)
calls=9 139 
* 656
* 75
cfn=(146)
calls=1 139 
* 71
* 5
cfn=(146)
calls=1 139 
* 144
* 7
-14 2
+14 7
-14 2
-1 3
+15 22
+16 2
+4 2
+8 3
cfi=(11) /build/glibc-bDJTDn/glibc-2.24/string/../sysdeps/x86_64/strlen.S
cfn=(24) strlen
calls=1 66 
* 34
* 2
+1 1
-1 4
+1 2
cfi=(18) /build/glibc-bDJTDn/glibc-2.24/string/../sysdeps/x86_64/multiarch/../multiarch/memmove-vec-unaligned-erms.S
cfn=(48) memcpy
calls=1 131 
* 10
+1 2
cfi=(27) /build/glibc-bDJTDn/glibc-2.24/string/strdup.c
cfn=(84) strdup
calls=1 40 
* 85
+1 8
199 4
cfi=(32) /build/glibc-bDJTDn/glibc-2.24/elf/dl-misc.c
cfn=(144) _dl_sysdep_read_whole_file
calls=1 45 
* 93
+8 1
-8 1
+8 4
+1 4
cfi=(14) /build/glibc-bDJTDn/glibc-2.24/string/../sysdeps/x86_64/multiarch/../memcmp.S
cfn=(32) bcmp
calls=1 24 
* 38
* 2
+7 1
-3 1
+3 3
+3 1
+1 2
-1 1
+1 1
+1 3
cfi=(14)
cfn=(32)
calls=1 24 
* 32
* 2
+61 3

fl=(8) /build/glibc-bDJTDn/glibc-2.24/elf/../sysdeps/x86/cpu-features.c
fn=(22) get_common_indeces.constprop.1
28 1
-5 1
+5 3
+3 3
+4 1
-4 1
+4 1
-4 1
+3 1
+1 2
+1 4
+1 4
+1 3
+1 2
+7 2
+1 7
+7 3
+40 2

fl=(12) /build/glibc-bDJTDn/glibc-2.24/elf/../misc/sbrk.c
fn=(26) sbrk
34 4
+8 6
+4 2
+16 5

fl=(31) /build/glibc-bDJTDn/glibc-2.24/setjmp/../sysdeps/x86_64/setjmp.S
fn=(102) __sigsetjmp
26 3
+9 3
+1 6
+1 3
+4 3
+1 3
+1 3
+1 3
+1 3
+2 6
+2 3
+1 3
+3 6
+2 3
+4 3
+1 3

fl=(26) /build/glibc-bDJTDn/glibc-2.24/string/../sysdeps/x86_64/multiarch/../strchr.S
fn=(76) index
24 7
+1 7
+1 7
+1 7
+1 7
+1 7
+1 7
+1 7
+1 7
+1 7
+1 7
+1 7
+1 7
+1 7
+1 7
+1 7
+1 7
+1 5
+4 5
+1 5
+1 5
+1 5
+2 5
+4 2
+1 2
+1 2
+1 2
+1 2
+1 2
+1 2
+1 2
+1 2
+1 2
+1 2
+1 2
+1 2
+1 2
+1 2
+1 2
+1 2
+1 2
+1 2
+1 2
+1 2
+1 2
+1 2
+1 2
+52 2
+4 2
+1 2
+1 2
+1 2
+2 2

fl=(25) /build/glibc-bDJTDn/glibc-2.24/misc/../sysdeps/unix/sysv/linux/wordsize-64/mmap.c
fn=(74) mmap
33 8
-1 80
+1 20
+1 80
+2 56
-3 18

fl=(23) /build/glibc-bDJTDn/glibc-2.24/elf/dl-hwcaps.c
fn=(68) _dl_important_hwcaps
39 6
+3 1
-3 2
+3 1
-1 1
+1 1
+9 1
-12 4
+12 2
+10 4
162 2
-47 3
cfi=(24)
cfn=(70)
calls=1 -31 
* 9
* 2
+55 3
+2 2
+1 5
+4 2
+4 1
-4 1
+1 1
+3 1
+3 2
+4 3
+1 1
-1 9
+1 1
+80 2
-12 2
+12 1
+1 2
-1 5
+1 6
-1 7
+5 8
+3 1
-3 1
+3 1
-3 3
+3 1
-3 1
+3 5
+1 12
+1 4
-1 4
+1 8
-2 4
+1 8
-1 14
+4 4
+3 1
+2 2
-1 1
-1 2
+2 1
-1 1
+1 9
+13 2
+1 1
-1 1
+3 2
-3 2
+1 1
-1 1
+3 2
+3 4
+3 1
-1 1
+1 7
207 12
+1 4
cfi=(17)
cfn=(42) malloc
calls=1 92 
* 23
* 1
+1 1
-1 1
+1 4
+29 1
+3 1
-3 3
+3 1
+2 5
cfi=(18)
cfn=(72) mempcpy
calls=1 117 
* 16
* 4
cfi=(18)
cfn=(72)
calls=1 117 
* 15
+1 4
cfi=(18)
cfn=(72)
calls=1 117 
* 14
* 4
cfi=(18)
cfn=(72)
calls=1 117 
* 15
+25 14
113 1
+17 1
+1 1
-1 9
286 2

fl=(14)
fn=(32)
24 13
+1 13
+1 13
+1 13
+1 13
+1 13
+1 13
+1 13
+3 13
+1 13
+1 5
+1 5
+1 5
+1 5
+1 5
+1 5
+1 5
+2 12
+1 12
+1 4
+1 4
+1 4
+1 4
+1 4
+1 4
+1 4
+2 12
+1 12
+1 5
+1 5
+1 5
+1 5
+1 2
+1 2
+1 2
+2 9
+1 9
+1 5
+1 5
+1 5
+1 5
+5 4
+1 4
+1 4
+1 4
+1 4
+1 4
+1 4
+1 2
+1 2
+1 2
+1 2
+1 2
+7 2
+2 3
+4 8
+1 8
+1 1
+1 1
+1 1
+1 1
+1 1
+1 1
+1 1
+1 1
+1 1
+1 1
+1 1
+4 9
+1 9

fl=(22) /build/glibc-bDJTDn/glibc-2.24/elf/dl-load.c
fn=(106) _dl_map_object
2167 21
+8 3
-8 6
+8 3
+1 12
+3 42
+5 49
+2 21
cfi=(32)
cfn=(108) _dl_name_match_p
calls=7 288 
* 933
* 14
+4 12
+1 18
+3 2
+1 2
+1 2
-1 2
+1 2
cfi=(19) /build/glibc-bDJTDn/glibc-2.24/string/../sysdeps/x86_64/multiarch/../strcmp.S
cfn=(56) strcmp
calls=2 144 
* 68
* 4
2478 27
2213 4
+1 6
+8 2
-53 2
+53 4
+36 4
-2 2
+2 2
cfi=(26)
cfn=(76)
calls=2 24 
* 46
* 4
2409 6
cfn=(82) expand_dynamic_string_token
calls=1 362 
* 160
+1 1
-3 1
+3 2
+4 10
cfn=(110) open_verify.constprop.8
calls=1 1695 
* 283
+3 2
-3 1
+3 3
+12 4
+46 1
+1 4
-1 1
+1 8
cfn=(116) _dl_map_object_from_fd
calls=1 871 
* 1381
-1 1
+1 4
-1 1
+1 8
cfn=(116)
calls=1 871 
* 1707
* 6
2262 2
cfi=(11)
cfn=(24)
calls=1 66 
* 16
* 1
+2 1
-2 1
+2 1
+7 4
+35 2
+1 14
cfn=(138) open_path
calls=1 2018 
* 688
+6 2
-6 1
+6 1
638 1
2314 1
638 2
2401 2
+28 4
+2 4
2275 1
+8 2
-8 1
+8 1
-8 1
+8 7
-3 3
638 1
2281 1
638 2
2336 1
-14 1
+14 1
+2 3
+4 2
cfi=(41)
cfn=(142)
calls=1 185 
* 1519
+2 1
-2 1
+2 1
+4 2
+8 3
+23 10
cfn=(110)
calls=1 1695 
* 356
+4 2
-4 1
+4 3
+1 2
-89 4
+1 8
638 1
2297 1
638 2

fn=(82)
362 14
+10 4
-10 2
+10 2
cfi=(26)
cfn=(76)
calls=2 24 
* 70
* 4
+4 2
+11 10
-11 2
cfi=(27)
cfn=(84)
calls=2 40 
* 160

fn=(66) _dl_init_paths
661 1
+13 3
-13 5
+13 1
-13 1
+13 1
cfi=(23)
cfn=(68)
calls=1 39 
* 374
+5 1
-5 1
+5 1
cfi=(17)
cfn=(42)
calls=1 92 
* 23
* 1
+1 1
-2 1
+2 1
+8 2
-1 1
+1 1
-1 3
+5 1
-5 1
+5 1
cfi=(17)
cfn=(42)
calls=1 92 
* 81
* 1
+2 1
-3 1
+3 1
+29 1
-9 1
-3 1
-2 3
+14 1
-9 1
+9 2
-23 1
+1 1
+10 1
+1 1
+11 1
-8 1
+5 16
+1 4
-1 12
+1 12
-1 36
+3 11
-8 3
-6 6
+10 3
+4 3
-14 3
+2 3
+4 3
-3 3
+4 3
-2 3
+5 3
-3 6
+14 1
+4 1
-11 1
+6 1
+6 2
+2 4
+2 3
+38 5
+8 3
cfi=(26)
cfn=(76)
calls=1 24 
* 23
* 2
+2 2
cfi=(11)
cfn=(24)
calls=1 66 
* 16
* 8
cfi=(18)
cfn=(48)
calls=1 131 
* 10
* 1
+4 2
+15 1
+1 2
+1 1
-4 3
+2 13
+1 26
+1 13
-4 40
+8 1
cfi=(17)
cfn=(42)
calls=1 92 
* 23
* 1
+1 1
-2 1
+2 1
+6 9
cfn=(78) fillin_rpath
calls=1 433 
* 606
+4 5
+6 1
+4 7
-75 1
-2 2
+2 2
+14 2

fn=(116)
871 24
+10 2
-10 2
+10 2
-10 4
+10 2
cfi=(28) /build/glibc-bDJTDn/glibc-2.24/elf/dl-debug.c
cfn=(90) _dl_debug_initialize
calls=2 50 
* 16
fi=(33) /build/glibc-bDJTDn/glibc-2.24/elf/../sysdeps/posix/dl-fileid.h
37 6
fe=(22)
881 2
fi=(33)
37 2
cfi=(34) /build/glibc-bDJTDn/glibc-2.24/io/../sysdeps/unix/sysv/linux/wordsize-64/fxstat.c
cfn=(120) _fxstat
calls=2 -3 
* 18
* 4
+4 2
fe=(22)
897 2
fi=(33)
40 2
+1 2
fe=(22)
897 29
+1 10
fi=(33)
49 12
fe=(22)
1443 18
915 4
+24 8
+10 4
+22 8
+32 4
882 2
1006 14
cfi=(15) /build/glibc-bDJTDn/glibc-2.24/elf/dl-object.c
cfn=(34) _dl_new_object
calls=2 61 
* 734
+1 2
-1 2
+1 2
+11 2
+5 2
-5 2
+1 4
+1 2
+2 2
-2 2
+2 4
+1 6
+1 2
+19 2
-2 2
+10 2
-8 12
+8 2
-8 4
+8 2
+87 2
-87 2
1167 4
1051 2
1167 2
1051 2
1167 4
-29 6
-86 32
-1 119
+1 95
+6 4
+1 6
+1 2
+3 2
+1 1
+5 20
+5 32
+9 12
-1 12
+1 4
+1 8
+2 4
-2 4
+1 4
-1 4
+3 4
+4 4
-7 4
+2 4
+1 4
+4 4
+1 12
+5 2
-1 2
+1 2
-15 2
+14 2
+1 10
+10 2
-10 2
-1 2
+1 2
-15 2
+14 2
+1 10
+10 2
+3 3
+4 1
+1 1
+1 1
-1 1
+1 1
+4 1
+3 1
-3 1
+7 4
+6 1
cfi=(29) /build/glibc-bDJTDn/glibc-2.24/elf/dl-tls.c
cfn=(148) _dl_next_tls_modid
calls=1 52 
* 6
* 1
+1 1
+59 4
+1 4
+1 2
-6 4
+1 2
-71 11
+79 8
1019 2
1207 2
1019 2
1207 2
+10 4
fi=(35) /build/glibc-bDJTDn/glibc-2.24/elf/./dl-map-segments.h
56 4
fe=(22)
1217 10
fi=(35)
50 2
fe=(22)
1217 4
fi=(35)
56 10
-6 4
+6 2
cfi=(25)
cfn=(74)
calls=2 -23 
* 70
+4 2
-4 2
+4 6
+3 4
+1 2
+2 2
-2 2
-1 2
+3 2
+10 4
fi=(37) /build/glibc-bDJTDn/glibc-2.24/elf/./dl-load.h
+14 8
+1 6
+2 8
fi=(35)
+7 16
+6 2
+2 2
-2 2
+3 2
-2 2
+1 2
+1 2
-1 6
+8 6
+17 4
+12 4
-59 20
+2 8
fe=(22)
1229 8
+9 4
fi=(3) /build/glibc-bDJTDn/glibc-2.24/elf/get-dynamic-info.h
39 2
fe=(22)
1238 2
fi=(3)
39 2
+6 2
-2 2
+2 4
+15 2
+5 2
+2 2
-3 2
-3 36
+10 8
-26 24
+16 35
+10 35
-26 105
+26 2
-26 6
+2 90
+13 40
+2 8
+3 8
+13 4
+20 7
+1 8
+1 8
+1 8
+2 8
+5 8
+1 7
+1 8
+6 6
+5 4
+7 4
+1 6
+16 6
+5 1
+2 1
-2 1
+2 1
+2 2
+2 2
+3 6
+10 1
-8 4
+8 1
+5 2
+3 4
fe=(22)
1245 4
+15 6
+19 4
+2 10
+54 6
+1 2
+3 2
cfi=(24)
cfn=(132) close
calls=1 84 
* 5
* 2
cfi=(24)
cfn=(132)
calls=1 84 
* 5
* 4
+9 4
+2 6
+2 2
-2 2
+2 2
+16 4
cfi=(6) /build/glibc-bDJTDn/glibc-2.24/elf/dl-lookup.c
cfn=(10) _dl_setup_hash
calls=2 959 
* 46
+4 4
+1 4
+17 4
+9 2
-5 6
+5 2
+10 4
+10 6
cfi=(15)
cfn=(50) _dl_add_to_namespace_list
calls=2 32 
* 82
+4 6
fi=(3)
68 8
+1 2
+1 8
fe=(22)
1391 2
fi=(35)
119 4
+8 16
cfi=(38) /build/glibc-bDJTDn/glibc-2.24/string/../sysdeps/x86_64/multiarch/../multiarch/memset-vec-unaligned-erms.S
cfn=(128) memset
calls=2 -36 
* 284
* 8
-54 4
-1 2
+1 4
-1 10
cfi=(36)
cfn=(124) mprotect
calls=2 +12 
* 10
* 4
+18 28
cfi=(25)
cfn=(74)
calls=2 -57 
* 62
* 8
fi=(37)
+4 4
+2 1
-1 3
+1 1
-1 1
+1 2
-1 2
+3 4
fi=(35)
+39 11
cfi=(25)
cfn=(74)
calls=1 33 
* 31
+3 4
fe=(22)
1233 2

fn=(78)
433 7
+2 1
-2 9
+5 3
cfi=(17)
cfn=(80) strsep
calls=1 -86 
* 281
* 3
cfi=(17)
cfn=(80)
calls=1 -86 
* 7
* 4
+4 3
+9 1
-9 1
cfn=(82)
calls=1 -80 
* 110
+2 1
-2 1
+2 1
cfi=(11)
cfn=(24)
calls=1 66 
* 16
+4 1
-4 1
+4 1
+7 6
+15 15
+1 8
+55 2
+2 2
cob=(2)
cfi=(16)
cfn=(86)
calls=1 0 
* 7
* 1
-39 2
+4 5
-1 1
cfi=(17)
cfn=(42)
calls=1 92 
* 23
* 1
+3 1
-3 1
+3 2
+5 1
+1 2
-2 1
+2 1
cfi=(18)
cfn=(72)
calls=1 117 
* 12
+3 1
-3 1
+1 1
+2 1
+6 2
+1 1
-1 1
+1 1
-1 1
+1 3
+1 1
-1 3
+1 3
-1 9
+3 2
+1 3
+7 1
+1 1
-1 2
-59 3
+26 2
+43 1
+3 9
-80 1
+5 4
+60 2

fn=(138)
2018 8
+1 1
+6 1
-6 1
+6 1
+5 9
-7 1
-1 1
+8 6
+74 7
-62 4
+7 4
-12 1
+12 1
cfi=(18)
cfn=(72)
calls=1 117 
* 12
* 1
+47 4
-14 4
-12 8
-20 23
+3 8
+5 8
-1 4
+1 8
-1 12
cfi=(18)
cfn=(72)
calls=4 117 
* 53
* 16
cfi=(18)
cfn=(72)
calls=4 117 
* 48
+3 8
+3 12
+3 36
cfn=(110)
calls=4 1695 
* 172
* 4
+2 20
+91 9
-24 7
+7 1
-2 1
+2 4
+3 3
-13 2
-57 8
+1 36
+6 8
+2 8
-2 8
+2 8
cfi=(40) /build/glibc-bDJTDn/glibc-2.24/io/../sysdeps/unix/sysv/linux/wordsize-64/xstat.c
cfn=(140) _xstat
calls=4 34 
* 49
* 8
+1 4
+2 6
+7 8
-5 3

fn=(110)
1695 60
+39 6
-39 18
+39 6
-39 6
+39 6
+31 24
cfi=(24)
cfn=(112) open
calls=6 84 
* 46
+2 6
-2 6
+2 8
+10 2
+1 4
+5 16
cfi=(24)
cfn=(114) read
calls=2 84 
* 10
+2 4
+2 2
+2 2
-2 4
+2 2
+6 4
+16 8
cfi=(14)
cfn=(32)
calls=2 24 
* 57
* 18
cfi=(14)
cfn=(32)
calls=2 24 
* 72
* 6
+74 4
+5 4
+2 8
+6 4
+11 4
+6 2
+1 2
-1 6
+1 6
+1 4
+20 82
+2 36
+4 8
+1 6
+13 2
+1 2
-1 2
+1 2
-1 2
+1 2
-2 2
+4 6
+5 1
+1 1
-13 4
cfi=(14)
cfn=(32)
calls=1 24 
* 25
* 8
cfi=(14)
cfn=(32)
calls=2 24 
* 60
* 6
+16 2
+3 1
+1 3
+1 1
-1 1
-1 1
+3 3
+1 5
+5 4
+23 54
1804 2
+7 4
cfi=(14)
cfn=(32)
calls=1 24 
* 24
* 2

fl=(42) /build/glibc-bDJTDn/glibc-2.24/elf/dl-version.c
fn=(156) _dl_check_map_versions
174 32
+15 12
+2 4
+3 16
-3 4
+2 4
+1 4
+2 4
-3 4
+3 4
+3 4
+4 2
-4 2
+4 8
+17 2
56 2
220 2
56 2
220 2
56 10
+1 5
-1 10
+2 21
cfi=(32)
cfn=(108)
calls=7 288 
* 801
* 14
228 6
+5 8
+4 6
+2 2
-2 14
-4 1
+4 3
+2 1
-2 16
cfn=(158) match_symbol
calls=1 76 
* 75
* 8
cfn=(158)
calls=2 76 
* 229
* 3
+7 18
+3 9
+9 8
+14 4
+3 8
+10 29
-7 116
+3 87
-3 8
+3 6
+8 6
+87 36
-81 12
cfi=(17)
cfn=(38) calloc
calls=3 101 
* 96
* 3
+1 3
-2 3
+2 3
+11 3
+2 3
-5 3
+3 3
+2 3
-2 3
+2 3
+3 8
+4 6
+18 1
-15 3
+2 3
-2 6
+2 6
+2 3
+1 3
-1 6
+1 3
-1 3
+1 3
+1 3
-2 3
+2 6
+1 9
+3 9
+8 6
+10 9
+3 8
+20 29
-14 62
-2 29
+6 29
+1 29
+1 29
-1 87
+1 29
-1 29
+1 29
+1 29
+3 95
183 2
-8 2
+95 5

fn=(158)
76 33
+9 3
-8 3
-1 6
+1 3
+8 3
+6 9
+15 3
+1 6
+2 3
+5 6
+14 20
+12 21
+4 7
-30 14
+16 3
+3 12
cfi=(19)
cfn=(56)
calls=3 +11 
* 119
* 6
+35 24

fn=(154) _dl_check_all_versions
380 5
+4 7
+2 28
cfn=(156)
calls=4 174 
* 2444
-2 4
+2 12
-1 4
-1 8
+5 7

fl=(2) /build/glibc-bDJTDn/glibc-2.24/elf/rtld.c
fn=(152) version_check_doit
513 2
+2 4
cfi=(42)
cfn=(154)
calls=1 380 
* 2519
* 2
+4 2

fn=(52) rtld_lock_default_lock_recursive
688 8

fn=(2) _dl_start
337 9
+18 4
fi=(3)
45 1
fe=(2)
355 1
fi=(5) /build/glibc-bDJTDn/glibc-2.24/elf/../sysdeps/x86_64/dl-machine.h
59 3
fi=(3)
-14 1
fe=(2)
381 1
-3 1
fi=(3)
45 1
+25 2
-3 1
-19 1
+12 1
+5 1
+5 1
-2 1
-1 1
-3 2
-3 16
+10 4
-26 12
+16 13
+10 13
-26 39
+26 1
-26 3
+2 36
+13 20
+2 4
+16 2
+20 4
+1 4
+1 4
+1 4
+2 4
+5 4
+1 4
+1 4
+6 3
+5 2
+7 3
+1 3
+8 3
+2 3
+3 2
+1 2
fe=(2)
392 2
286 1
399 1
286 1
cfi=(6)
cfn=(10)
calls=1 959 
* 23
+1 2
+1 2
+1 2
+1 2
+8 1
+9 1
-9 3
+9 1
-6 1
-3 1
+9 1
cfi=(7) /build/glibc-bDJTDn/glibc-2.24/elf/../elf/dl-sysdep.c
cfn=(12) _dl_sysdep_start
calls=1 86 
* 92841
* 1
+9 4
+3 1
+4 1
-4 1
+4 1
424 9
fi=(3)
65 4
fe=(2)
397 1
fi=(5)
79 1
fe=(2)
397 25
fi=(4) /build/glibc-bDJTDn/glibc-2.24/elf/do-rel.h
84 1
+27 1
-28 1
+28 2
+1 2
fi=(5)
541 2
fi=(4)
112 18
fi=(5)
541 18
+1 20
fi=(4)
111 20
fi=(5)
542 10
fi=(4)
111 10
+5 2
+8 1
fi=(5)
336 1
+87 1
fi=(4)
124 2
+12 1
+3 2
-3 1
fi=(5)
290 1
fi=(4)
136 1
fi=(5)
318 1
fi=(4)
137 2
fi=(5)
318 1
fi=(4)
136 5
+3 10
-3 5
fi=(5)
290 5
fi=(4)
136 5
fi=(5)
318 5
fi=(4)
137 10
fi=(5)
318 5
+9 12
+3 6
-3 12
+3 18
+6 36
fi=(3)
68 4
+1 1
+1 2
fi=(4)
+54 19
fi=(5)
355 18
fe=(2)

fn=(54) rtld_lock_default_unlock_recursive
694 8

fn=(104) map_doit
480 1
+2 1
-2 1
+3 2
-1 3
+1 3
cfi=(22)
cfn=(106)
calls=1 2167 
* 2266
* 1
+2 2

fn=(28) dl_main
738 1
+19 1
-19 7
2353 1
738 3
+19 1
+3 1
2353 1
738 1
+22 1
+4 1
2348 1
764 1
+1 1
2353 1
765 1
+5 2
2346 2
+7 2
-4 1
+4 5
+2 2
cfi=(13) /build/glibc-bDJTDn/glibc-2.24/elf/dl-environ.c
cfn=(30) _dl_next_ld_env_entry
calls=1 30 
* 94
* 4
cfi=(13)
cfn=(30)
calls=2 30 
* 296
* 9
+4 50
+1 19
-1 57
+3 4
+6 14
2514 3
+30 3
780 3
981 7
cfi=(15)
cfn=(34)
calls=1 61 
* 241
+2 1
-2 1
+2 1
+1 1
+1 1
+5 2
-5 1
+1 2
+4 1
cfi=(15)
cfn=(50)
calls=1 32 
* 33
+1 3
747 1
1020 1
-3 1
-5 1
+1 1
+2 1
+5 5
+56 3
-37 1
+22 1
+15 2
-55 24
-1 27
+1 47
1123 5
+3 2
+2 2
+2 2
+13 3
+1 8
cfi=(19)
cfn=(56)
calls=1 144 
* 50
* 2
+10 1
-3 1
-2 1
+3 1
+2 2
+1 2
+4 2
+2 2
fi=(3)
30 1
+9 2
+6 1
-2 1
+2 2
+15 1
+5 1
+3 1
+2 1
-3 1
-3 1
-3 22
+10 5
-26 15
+16 19
+10 19
-26 57
+26 1
-26 3
+2 50
+13 24
+2 4
+16 3
+20 3
+1 4
+1 4
+1 4
+2 4
+5 4
+1 4
+1 4
+6 3
+5 2
+7 2
+1 3
+16 3
+14 3
+10 1
-8 3
+8 1
+5 2
+3 2
fe=(2)
1166 2
cfi=(6)
cfn=(10)
calls=1 959 
* 23
+3 2
fi=(20) /build/glibc-bDJTDn/glibc-2.24/elf/setup-vdso.h
24 2
fe=(2)
1191 1
cfi=(9) /build/glibc-bDJTDn/glibc-2.24/elf/../sysdeps/unix/sysv/linux/dl-sysdep.c
cfn=(62) _dl_discover_osversion
calls=1 45 
* 86
* 8
1025 3
+1 1
+90 2
+1 2
+1 1
-6 2
+1 1
-37 2
-1 2
+1 4
-1 2
+2 4
+1 1
+3 2
+1 2
-1 2
+1 2
+1 2
+1 6
+1 2
-45 3
+9 1
-7 1
+25 1
-28 1
+10 1
-19 3
+1 1
2442 4
cfi=(14)
cfn=(32)
calls=1 24 
* 31
* 2
+2 3
-55 4
cfi=(14)
cfn=(32)
calls=1 24 
* 18
* 2
fi=(3)
65 4
+3 4
+1 1
+1 3
fe=(2)
2396 4
cfi=(14)
cfn=(32)
calls=1 24 
* 36
* 2
+2 3
1196 2
cfi=(22)
cfn=(66)
calls=1 661 
* 1507
+3 3
cfi=(28)
cfn=(90)
calls=1 50 
* 17
+7 1
-7 1
+2 1
+5 1
+3 3
+1 1
+3 1
-3 3
+1 2
+3 1
+5 1
-7 1
+7 1
+1 5
+17 2
+1 2
+5 1
-3 3
+2 1
+1 3
+5 3
+1 5
+2 2
+1 2
+5 2
+5 1
753 1
1262 2
1439 1
cfi=(29)
cfn=(92) _dl_count_modids
calls=1 115 
* 4
* 1
+8 3
+3 1
+4 3
+5 1
+1 1
cfi=(28)
cfn=(94) _dl_debug_state
calls=1 74 
* 1
+5 3
+15 3
+4 1
-2 1
+2 2
+31 3
cfi=(24)
cfn=(70)
calls=1 84 
* 9
* 2
+77 1
1481 1
1592 3
+17 3
+1 1
-1 1
+1 2
-1 1
+1 5
cfi=(39) /build/glibc-bDJTDn/glibc-2.24/elf/dl-deps.c
cfn=(134) _dl_map_object_deps
calls=1 161 
* 6833
+1 1
+5 1
-5 3
+2 2
+3 6
+1 3
-1 2
+1 9
-1 6
+4 3
+1 3
+1 1
+2 2
+1 6
-1 5
+1 7
-1 3
-28 5
+1 1
-1 3
+4 3
+1 1
+1 2
+1 3
+35 1
-1 1
+1 1
-1 1
+1 1
+2 1
+2 3
+2 1
-4 1
+5 1
-1 2
+14 2
+1 2
+1 3
+11 1
+2 1
-2 1
+2 2
-1 1
+1 1
-2 3
+2 1
cfi=(30) /build/glibc-bDJTDn/glibc-2.24/elf/dl-error.c
cfn=(150) _dl_receive_error
calls=1 205 
* 2559
+10 1
+1 1
-1 1
+1 1
+1 1
cfn=(160) init_tls
calls=1 573 
* 615
* 1
+2 2
703 1
fi=(92) /build/glibc-bDJTDn/glibc-2.24/elf/../sysdeps/unix/sysv/linux/dl-osinfo.h
64 2
fe=(2)
705 1
fi=(92)
77 1
fe=(2)
714 1
+7 1
-5 1
1692 3
1922 3
2092 4
+2 1
+5 3
cfi=(29)
cfn=(210) _dl_allocate_tls_init
calls=1 449 
* 138
+3 2
-59 3
+7 1
+2 7
+2 1
+2 12
+5 8
+2 8
+6 4
+2 8
+1 24
cfi=(43) /build/glibc-bDJTDn/glibc-2.24/elf/dl-reloc.c
cfn=(168) _dl_relocate_object
calls=3 149 
* 70877
+4 14
-22 10
+25 4
+2 2
+6 1
-6 1
+6 1
-10 2
cfi=(29)
cfn=(208) _dl_add_to_slotinfo
calls=1 890 
* 20
* 1
-12 1
+1 1
-3 2
+48 3
+2 4
+15 1
+2 1
-2 2
+3 1
-3 1
+3 1
-3 1
+3 3
cfi=(43)
cfn=(168)
calls=1 149 
* 4062
+1 4
+2 2
+8 1
cfi=(7)
cfn=(212) _dl_sysdep_start_cleanup
calls=1 256 
* 1
+4 3
+20 3
cfi=(28)
cfn=(90)
calls=1 50 
* 8
+1 1
+1 1
cfi=(28)
cfn=(94)
calls=1 74 
* 1
+5 1
cfi=(41)
cfn=(214)
calls=1 322 
* 15
+5 8
1978 1
+11 1
-7 1
-4 1
+4 3
+4 2
+3 1
1635 2
1491 2
cfi=(11)
cfn=(24)
calls=1 66 
* 34
* 8
cfi=(18)
cfn=(48)
calls=1 131 
* 18
* 1
+3 6
+3 3
cfi=(17)
cfn=(80)
calls=1 352 
* 908
* 3
cfi=(17)
cfn=(80)
calls=1 352 
* 7
* 6
+1 2
+1 3
+2 4
cfn=(96) do_preload
calls=1 654 
* 2369
* 2
+2 1
+2 2
-2 3
+2 3
1185 5

fn=(160)
573 1
+6 1
-6 1
+2 2
+4 1
+10 4
cfi=(17)
cfn=(38)
calls=1 101 
* 32
* 1
+11 1
-15 1
+3 1
+6 1
+2 1
-11 1
+15 1
+2 1
-1 1
+1 10
+2 8
+4 1
+2 1
-2 2
-5 8
+9 3
+3 1
cfi=(29)
cfn=(162) _dl_determine_tlsoffset
calls=1 144 
* 66
+7 1
cfi=(29)
cfn=(164) _dl_allocate_tls_storage
calls=1 354 
* 446
+1 1
-1 1
+1 1
+6 1
+3 1
-3 1
+3 6
+3 1
+3 3

fn=(96)
654 4
+12 1
-12 2
+10 1
-4 1
+1 1
+5 4
-10 1
+6 1
+4 1
cfi=(30)
cfn=(98) _dl_catch_error
calls=1 163 
* 2341
+1 3
+8 3
+6 5

fn=(100) _dl_initial_error_catch_tsd
648 8

fl=(21) /build/glibc-bDJTDn/glibc-2.24/posix/../sysdeps/unix/syscall-template.S
fn=(64) uname
84 4
+1 1

fl=(30)
fn=(98)
163 6
+15 3
-3 6
+1 6
-13 6
+14 6
+1 3
+2 3
cfi=(2)
cfn=(100)
calls=3 648 
* 6
+2 3
-1 3
+4 3
-3 6
+3 3
-4 3
+4 3
cfi=(31)
cfn=(102)
calls=3 26 
* 57
* 9
+2 9
cfi=(39)
cfn=(136) openaux
calls=2 60 
* 5373
cfi=(2)
cfn=(104)
calls=1 480 
* 2280
+1 6
+2 3
+1 3
-3 3
+1 6
+1 3
+9 3
-8 3
+8 9

fn=(150)
205 10
+1 1
cfi=(2)
cfn=(100)
calls=1 648 
* 2
+5 1
-1 1
-4 1
+9 1
+2 1
-3 1
+3 1
cfi=(2)
cfn=(152)
calls=1 513 
* 2529
+2 1
+1 1
+1 8

fl=(82) /build/glibc-bDJTDn/glibc-2.24/elf/dl-open.c
fn=(334) _dl_find_dso_for_object
182 5
+1 4
+1 12
+1 2
+3 2
+4 1
-9 6

fl=(43)
fn=(206) _dl_protect_relro
313 4
+1 4
-1 4
+1 16
+3 4
-3 4
+3 8
+4 8
+1 12
cfi=(36)
cfn=(124)
calls=4 84 
* 20
* 8
+6 8

fn=(168)
149 40
+15 4
-15 8
+15 4
+1 24
+6 8
+6 12
-18 8
+22 8
+7 4
-32 4
+32 4
+44 4
fi=(5)
79 12
fe=(43)
232 8
fi=(5)
79 12
+6 6
+4 9
+14 3
-8 3
+10 3
-2 6
+20 6
+9 6
+17 12
fe=(43)
259 163
fi=(5)
+66 6
fe=(43)
160 9
fi=(5)
325 12
fe=(43)
160 3
fi=(5)
325 9
fi=(4)
47 3
+11 3
-12 3
+2 3
-1 3
+11 3
fi=(5)
325 2
fe=(43)
160 3
fi=(5)
325 4
fe=(43)
160 1
fi=(5)
325 3
fi=(4)
47 1
+11 1
-12 1
+2 1
-1 1
+11 1
-11 4
+11 4
-12 4
+2 4
-1 4
+11 4
+3 18
fi=(5)
552 24
+4 24
+2 36
+1 12
fi=(4)
61 57
+2 80
+2 26
-4 3
+13 6
+1 28
+1 16
fi=(5)
576 16
+1 8
-25 8
+25 16
+1 8
cob=(3)
cfi=(52) /build/glibc-bDJTDn/glibc-2.24/string/../sysdeps/x86_64/multiarch/memmove.S
cfn=(204) memmove
calls=1 29 
* 15
cob=(3)
cfi=(51) /build/glibc-bDJTDn/glibc-2.24/time/../sysdeps/unix/sysv/linux/x86/gettimeofday.c
cfn=(200) gettimeofday
calls=1 37 
* 66
cob=(3)
cfi=(50) /build/glibc-bDJTDn/glibc-2.24/string/../sysdeps/x86_64/multiarch/strspn.S
cfn=(198) strspn
calls=1 30 
* 6
cob=(3)
cfi=(49) /build/glibc-bDJTDn/glibc-2.24/string/../sysdeps/x86_64/multiarch/strcspn.S
cfn=(196) strpbrk
calls=1 45 
* 6
cob=(3)
cfi=(45) /build/glibc-bDJTDn/glibc-2.24/string/../sysdeps/x86_64/multiarch/strcmp.S
cfn=(194) strncasecmp
calls=1 129 
* 10
cob=(3)
cfi=(49)
cfn=(192) strcspn
calls=1 45 
* 6
cob=(3)
cfi=(46) /build/glibc-bDJTDn/glibc-2.24/time/../sysdeps/unix/sysv/linux/x86/time.c
cfn=(186) time
calls=1 38 
* 66
cob=(3)
cfi=(45)
cfn=(184) strcasecmp
calls=1 109 
* 10
* 16
+1 32
fe=(43)
259 16
+3 16
+24 4
+3 8
+17 8
+1 8
cfn=(206)
calls=4 +6 
* 100
+1 32
fi=(4)
84 5
+2 10
+12 5
-15 5
+15 5
-15 5
+15 5
+10 6
+3 9
fi=(5)
536 3
fi=(4)
112 6
fi=(5)
536 1197
fi=(4)
112 2382
fi=(5)
536 2382
+5 2388
+1 2388
fi=(4)
111 2388
fi=(5)
542 1194
fi=(4)
111 1194
+7 15
+6 4
-3 8
+3 10
fi=(5)
492 9
fi=(4)
127 388
+9 194
+3 97
-3 97
+3 97
fi=(5)
293 97
fi=(4)
138 97
-2 97
+1 388
fi=(5)
293 97
+21 194
+4 194
+7 388
fi=(44) /build/glibc-bDJTDn/glibc-2.24/elf/../sysdeps/generic/ldsodefs.h
102 249
fi=(5)
325 1656
fi=(4)
138 80
fi=(5)
325 160
fi=(4)
138 80
fi=(5)
325 80
fi=(4)
138 80
fi=(5)
325 1280
cfi=(6)
cfn=(176) _dl_lookup_symbol_x
calls=80 810 
* 45546
* 640
+2 249
+3 92
-3 184
+3 276
+6 582
fe=(43)
178 8
fi=(5)
431 42
+4 70
+5 42
+9 28
fi=(4)
124 42
fi=(5)
440 83
+9 166
fi=(4)
124 255
+19 6
fi=(5)
325 54
fe=(43)
-66 3
fi=(5)
+66 69
145 9
fi=(4)
+15 7
+2 24
+8 12
+1 6
-1 6
+1 6
fi=(5)
293 6
fi=(4)
170 18
fi=(5)
293 6
+21 12
+4 12
+7 24
fi=(44)
102 18
fi=(5)
325 210
cfi=(6)
cfn=(176)
calls=6 810 
* 2937
* 48
+2 18
+3 1
-3 2
+3 3
+6 36
440 6
+9 12
fi=(4)
160 20
+14 2
fi=(5)
325 36
fe=(43)

fl=(11)
fn=(24)
66 14
+1 14
+1 14
+1 14
+1 14
+1 14
+1 14
+2 14
+2 14
+30 13
+1 13
+1 13
+1 13
+1 13
+1 6
+1 6
+4 7
+1 7
+1 7
+1 7
+1 7
+1 7
+1 7
+1 7
+1 7
+1 7
+1 7
+1 7
+5 56
+4 1
+1 14
+1 8

fl=(13)
fn=(30)
30 3
+3 10
+13 58
-13 174
+2 120
+1 16
+5 2
-3 2
+3 2
+2 2
+7 1

fl=(29)
fn=(92)
115 2
+1 2

fn=(208)
890 4
+9 1
-3 2
+8 3
+42 3
-1 1
+1 2
+1 4

fn=(164)
354 3
+2 1
+11 3
cfi=(17)
cfn=(46) __libc_memalign
calls=1 53 
* 77
* 1
+1 2
+7 2
+4 297
+11 2
cfn=(166) allocate_dtv
calls=1 -76 
* 52
+1 2
+5 4

fn=(210)
449 7
+1 1
-1 1
+1 1
+4 3
+6 3
+12 1
-15 1
-1 2
+21 6
+6 17
+3 1
+1 2
+6 3
+3 1
-2 2
+2 4
+1 1
+3 2
-1 2
+4 2
+1 4
+2 2
+9 1
-8 1
+8 1
-8 2
+8 1
cfi=(18)
cfn=(72)
calls=1 117 
* 12
* 4
cfi=(38)
cfn=(128)
calls=1 91 
* 33
-38 3
+52 2
+3 9

fn=(166)
314 3
+8 1
-8 1
+7 2
+1 2
cfi=(17)
cfn=(38)
calls=1 101 
* 32
* 1
+1 2
+9 1
-6 2
+6 1
+6 4

fn=(148)
52 4
+48 2

fn=(162)
144 1
-6 5
+6 2
+3 2
+36 3
+2 10
+3 1
-1 1
+5 2
-4 1
-1 2
+3 2
+2 3
+16 2
+3 2
-3 5
+2 2
+10 1
-37 2
+25 1
-25 7
+40 1
+1 1
+52 1
-1 1
+1 5

fl=(70) /build/glibc-bDJTDn/glibc-2.24/elf/../sysdeps/x86_64/dl-trampoline.h
fn=(294) _dl_runtime_resolve_sse
163 2
+3 2
+2 2
+2 2
+3 2
+1 2
+1 2
+1 2
+1 2
+1 2
+1 2
+1 2
+1 2
+1 2
+1 2
+1 2
+1 2
+1 2
+1 2
+5 2
+1 2
+1 2
+1 2
+14 2
+1 2
+1 2
cfi=(71) /build/glibc-bDJTDn/glibc-2.24/elf/../elf/dl-runtime.c
cfn=(296) _dl_fixup
calls=2 66 
* 1630
+1 2
+5 2
+1 2
+1 2
+1 2
+13 2
+1 2
+1 2
+1 2
+1 2
+1 2
+1 2
+1 2
+1 2
+1 2
+1 2
+1 2
+1 2
+1 2
+1 2
+2 2
+2 2
+4 2
+3 2
cob=(3)
cfi=(78)
cfn=(320)
calls=1 2914 
* 277
cob=(3)
cfi=(72) /build/glibc-bDJTDn/glibc-2.24/stdio-common/scanf.c
cfn=(300) scanf
calls=1 28 
* 61037

fn=(295) _dl_runtime_resolve_sse'2
163 1
+3 1
+2 1
+2 1
+3 1
+1 1
+1 1
+1 1
+1 1
+1 1
+1 1
+1 1
+1 1
+1 1
+1 1
+1 1
+1 1
+1 1
+1 1
+5 1
+1 1
+1 1
+1 1
+14 1
+1 1
+1 1
cfi=(71)
cfn=(296)
calls=1 66 
* 1083
+1 1
+5 1
+1 1
+1 1
+1 1
+13 1
+1 1
+1 1
+1 1
+1 1
+1 1
+1 1
+1 1
+1 1
+1 1
+1 1
+1 1
+1 1
+1 1
+1 1
+2 1
+2 1
+4 1
+3 1
cfi=(82)
cfn=(334)
calls=1 -76 
* 32

fl=(36)
fn=(216)
84 4
+1 1

fn=(124)
84 24
+1 6

fl=(24)
fn=(112)
84 28
+1 3
+1 20

fn=(70)
84 12
+2 15

fn=(132)
84 12
+1 3

fn=(114)
84 8
+1 2

fl=(6)
fn=(178) do_lookup_x
355 623
+1 89
-1 445
+48 89
-30 89
-11 89
+41 445
-30 445
-7 178
+3 178
-3 388
+3 388
+4 566
+4 566
+4 566
+6 849
+8 283
-4 283
+1 283
+3 566
+1 849
+3 283
+1 566
+4 566
+3 283
-5 283
+5 1132
+3 1981
-99 204
557 1380
+1 46
cfi=(32)
cfn=(108)
calls=23 288 
* 2209
* 69
+3 612
+3 10
+1 712
-96 158
fi=(44)
102 237
fe=(6)
520 158
+3 592
+4 30
+12 158
+1 79
+1 158
414 332
-1 166
+2 166
+2 1079
+13 249
-10 810
+2 158
+1 395
-1 79
+2 79
-1 158
+1 79
-1 237
-1 79
+1 237
cfn=(180) check_match
calls=79 92 
* 6750
+4 237
+34 8
267 28
439 711

fn=(180)
92 632
+3 553
+12 474
+3 376
cfi=(19)
cfn=(56)
calls=15 +34 
* 607
* 30
+5 79
-1 79
+1 79
+2 156
+19 156
+1 624
+46 79
-7 79
+7 395
-18 2
+2 2
+1 1
-1 2
+1 3
-1 2
-29 234
cfi=(19)
cfn=(56)
calls=78 +6 
* 1872
* 234

fn=(10)
959 12
+4 4
+4 8
+2 4
-1 4
+3 12
+1 4
+1 4
+3 4
-3 4
+7 4
-4 4
-1 4
+3 4
+2 4
-7 4
+7 8

fn=(176)
810 890
572 89
810 445
572 445
+1 89
-1 89
+1 267
-1 267
+1 1187
-1 1187
+1 3561
-1 3650
812 89
+4 89
+4 89
-8 89
+1 178
+7 245
+7 89
-2 89
+2 89
-2 89
+6 89
-7 89
+7 178
-7 801
+15 10
-8 50
+2 1157
cfn=(178)
calls=89 355 
* 32200
+3 267
+26 267
+21 79
+1 553
+31 79
+9 316
+14 237
+3 316
+5 79
+2 801
-84 70
+15 10
+1 20
+59 2

fl=(32)
fn=(108)
288 185
+1 74
cfi=(19)
cfn=(56)
calls=37 144 
* 1352
* 37
+1 37
-1 37
+3 37
+2 74
+4 38
-4 76
+1 123
cfi=(19)
cfn=(56)
calls=41 144 
* 1569
* 82
-5 3
+11 49
-1 34
+1 136

fn=(144)
45 2
+7 1
-7 3
+7 1
-7 3
+7 1
cfi=(24)
cfn=(112)
calls=1 +32 
* 5
+1 2
+2 5
cfi=(34)
cfn=(120)
calls=1 -21 
* 9
* 2
+2 1
+3 1
-3 1
+3 1
+13 2
cfi=(24)
cfn=(132)
calls=1 +11 
* 5
+3 7
-14 6
cfi=(25)
cfn=(74)
calls=1 -29 
* 33
* 2

fl=(18)
fn=(72)
117 17
+1 17
+1 17
+14 17
+1 17
+1 3
+1 3
+5 2
+1 2
+1 2
+1 2
+5 2
260 14
+1 14
+1 7
+1 7
+1 4
+1 4
+1 3
+1 2
+1 2
+2 3
+22 7
+1 7
+1 7
+1 7
+1 7
+3 3
+1 3
+1 3
+1 3
+1 3
+3 1
+1 1
+1 1
+1 1
+1 1
+10 1
+1 1
+1 1
+1 1
+22 1
+1 1
+1 1
+1 1
+1 1
+1 1
+1 1
+1 1
+2 1

fn=(48)
131 14
+2 14
+1 14
+1 8
+1 8
+5 5
+1 5
+1 5
+1 5
+5 5
260 6
+1 6
+1 1
+1 1
+1 1
+1 1
+1 1
+1 1
+1 1
+2 1
+22 5
+1 5
+1 5
+1 5
+1 5
+24 3
+1 3
+1 3
+1 3
+22 3
+1 3
+1 3
+1 3
+1 3
+1 3
+1 3
+1 3
+2 3

fl=(40)
fn=(140)
34 4
-1 4
+1 4
+1 24
+4 1
-4 12

fl=(38)
fn=(128)
91 30
+2 6
+1 6
+1 2
+1 2
+53 2
+1 2
+10 2
+1 2
+1 2
+1 2
+1 2
+1 2
+1 2
+1 2
+1 2
+1 2
+1 2
+1 2
+1 2
+1 2
+2 36
+1 36
+1 36
+1 36
+1 36
+1 36
+1 36
+1 2
+15 4
+1 4
+1 4
+1 2
+1 2
+1 1
+1 1
+24 2
+1 2
+2 2
+3 1
+1 1
+2 1
+3 1
+1 1
+2 1

fl=(39)
fn=(136)
60 4
+7 2
-4 2
+2 2
-2 4
+2 2
-2 2
+2 4
-2 4
cfi=(22)
cfn=(106)
calls=2 2167 
* 5341
* 2
+5 4

fn=(134)
161 1
-1 1
+1 1
-1 4
+1 1
-1 2
+1 1
-1 2
+1 1
-1 2
+1 1
-9 1
+9 2
-15 1
+6 3
+26 1
-17 1
-17 1
+1 1
+1 1
+6 1
+26 4
-32 1
+33 1
-35 3
+2 2
-1 1
+1 2
+6 3
+26 1
-26 1
+26 5
+4 1
+21 1
+1 1
-22 2
+19 1
-12 1
+15 1
-16 2
+13 1
317 6
217 1
-4 1
+4 1
-4 1
+4 4
-4 3
+4 3
-4 3
+4 3
+12 8
+2 2
+11 2
-5 2
-6 4
+5 2
+2 4
+1 4
+3 12
+75 6
-25 4
+1 4
-51 200
+1 100
+6 10
cfi=(26)
cfn=(76)
calls=2 24 
* 70
* 4
+5 10
-3 2
+3 2
cfi=(30)
cfn=(98)
calls=2 -91 
* 5495
+2 6
+15 2
+2 4
+5 2
+6 2
+2 2
-8 4
+3 2
+1 2
+1 2
+1 2
+4 12
+7 144
459 8
+2 6
+3 4
-1 2
cfi=(17)
cfn=(42)
calls=2 92 
* 46
* 2
+2 2
-2 2
+2 2
+4 8
-1 2
+1 2
cfi=(18)
cfn=(48)
calls=2 131 
* 20
+1 12
cfi=(18)
cfn=(48)
calls=2 131 
* 20
+4 2
-1 2
+5 24
+3 9
-1 4
+1 8
+4 2
202 1
485 2
+4 5
+11 3
-1 1
cfi=(17)
cfn=(42)
calls=1 92 
* 23
* 1
+3 1
-3 1
+3 1
+5 1
+3 2
-3 5
+1 1
+2 2
+6 16
+4 4
-10 12
+2 12
+11 3
+51 3
+2 4
+42 1
-4 1
+5 2
-1 4
+1 2
cfi=(38)
cfn=(128)
calls=1 91 
* 13
* 1
-2 10
+7 1
+6 1
-7 1
+1 1
+6 1
-7 3
+7 1
-13 4
+7 2
+6 2
-7 2
+1 2
+6 2
-7 6
+7 4
+2 8
+1 4
-1 4
+1 2
+2 9
+1 6
+28 18
cfi=(38)
cfn=(128)
calls=2 91 
* 32
* 12
485 3
+1 2
658 3
-28 6
+31 10
-6 2
+16 2
+2 1
+1 1
-1 1
+2 3
+7 3
+3 3
+3 8
229 8
-19 4
+8 25
+2 2
+2 6
+2 28
338 12
611 8
cfi=(18)
cfn=(48)
calls=1 131 
* 10
+2 1
-38 1
+38 1

fl=(9)
fn=(62)
45 7
+2 4
+85 8
-45 3
cfi=(21)
cfn=(64)
calls=1 -3 
* 5
* 1
+15 1
-15 1
+20 1
-1 1
+3 12
+4 3
-2 6
+2 9
+7 3
-1 3
+4 3
-2 3
+2 10
+5 2

fl=(53) /build/glibc-bDJTDn/glibc-2.24/elf/dl-init.c
fn=(222) call_init.part.0
36 4
+3 4
-3 8
+3 12
-11 21
+16 15
+5 4
+9 12
cob=(3)
cfi=(55) /build/glibc-bDJTDn/glibc-2.24/csu/../csu/init-first.c
cfn=(236) _init
calls=1 -6 
* 176
cob=(2)
cfi=(16)
cfn=(224)
calls=1 -58 
* 6
* 2
+4 4
+6 2
+2 4
-2 4
+3 10
+1 8
cob=(3)
cfi=(61) /build/glibc-bDJTDn/glibc-2.24/string/../sysdeps/x86/cacheinfo.c
cfn=(248) init_cacheinfo
calls=1 481 
* 2345
cob=(4) /usr/lib/valgrind/vgpreload_core-amd64-linux.so
cfi=(54) ???
cfn=(228) 0x0000000000000680
calls=1 -72 
* 17
* 2
-1 4
+3 18
-29 3
-5 2
+34 1

fn=(220) _dl_init
80 11
+1 1
+1 1
+3 3
+8 2
+1 2
+25 15
+1 12
-90 20
cfn=(222)
calls=3 +6 
* 2612
* 3
+96 8
-96 2
+58 2
+16 1
cfn=(222)
calls=1 -68 
* 76
* 1

fl=(17)
fn=(80)
352 12
+2 4
+1 8
+4 193
+7 488
-2 244
+13 2
+4 4
-7 61
-15 187

fn=(88)
118 1
+2 3
+7 2

fn=(46)
53 87
+11 21
+1 21
-1 21
+3 21
-3 21
+3 42
-3 1
+1 1
-1 1
+3 1
-3 1
+3 82
-15 6
+20 8
+1 4
+2 2
+1 16
cfi=(25)
cfn=(74)
calls=2 -43 
* 66
+2 10
+4 6
+3 2
+1 2
+2 10
-2 20
-1 20
+3 40
-29 1
-1 1
+1 1
+1 2
-2 2

fn=(38)
101 8
+8 8
-1 16
-3 8
+4 16
+3 8
cfn=(42)
calls=8 -20 
* 190
* 8

fn=(42)
92 21
+1 42
cfn=(46)
calls=21 -40 
* 463
* 21

fl=(7)
fn=(212)
256 1

fn=(12)
86 8
+25 1
-1 1
+1 189
+6 1
-3 1
+1 1
-4 1
+3 1
+3 4
+1 2
-1 25
+1 105
-1 102
+62 1
+1 1
-1 1
+1 1
-29 1
+1 2
+11 1
+1 1
-1 1
+1 1
-7 1
+1 1
-1 1
+1 1
-4 1
+1 2
-25 1
+1 2
-4 1
+1 2
-7 1
+1 1
+2 1
+1 1
fi=(9)
-90 2
cfi=(10) /build/glibc-bDJTDn/glibc-2.24/elf/../sysdeps/unix/sysv/linux/x86_64/brk.c
cfn=(18) brk
calls=1 -4 
* 11
fi=(5)
243 5
fi=(8)
113 1
-13 1
+1 1
+12 1
+3 1
-3 1
-11 1
+14 7
276 3
+1 1
+3 2
+1 1
+13 2
fe=(7)
-63 1
fi=(8)
+74 1
+1 1
+1 1
fe=(7)
-76 2
+1 1
cfi=(11)
cfn=(24)
calls=1 66 
* 32
* 1
+2 2
cfi=(12)
cfn=(26)
calls=1 34 
* 17
* 3
+12 3
+3 5
cfi=(2)
cfn=(28)
calls=1 738 
* 92158
+2 9
fi=(8)
+43 4
+1 5
+1 2
122 5
cfn=(22)
calls=1 -94 
* 42
+3 3
+86 4
+5 2
+1 1
-1 1
+1 1
+7 1
120 2
297 4
128 2
-1 1
+1 1
+1 7
+70 3
-64 2
fe=(7)

fl=(15)
fn=(34)
61 33
+1 3
-1 6
+1 3
cfi=(11)
cfn=(24)
calls=3 +4 
* 66
+6 3
-6 12
+6 12
+1 21
+6 15
cfi=(17)
cfn=(38)
calls=3 +26 
* 102
* 3
+3 3
-3 3
+3 3
+4 3
+5 6
-6 3
+1 6
+5 3
-1 3
+1 3
-1 3
+1 3
cfi=(18)
cfn=(48)
calls=3 +44 
* 41
+10 3
-10 3
+11 3
-1 3
-10 3
+10 3
-8 3
+8 6
+1 3
-1 3
+1 9
+3 3
-3 3
+3 3
+9 3
-7 3
+4 3
+3 9
+2 2
-2 2
+2 30
-2 30
+12 3
+6 3
-5 3
-1 3
+6 15
+2 2
+3 2
-3 2
+3 2
-3 4
+7 6
+4 6
+8 1
+3 1
+3 2
-3 1
+3 1
-3 2
+3 4
-3 2
+3 2
+2 6
cfi=(11)
cfn=(24)
calls=2 -91 
* 68
+4 2
-4 8
+4 6
+64 2
+4 27
102 8
+39 6
+70 6
cfi=(18)
cfn=(72)
calls=2 -94 
* 32
* 42
+6 40
-1 40
+1 42
-1 2
+1 6
+5 4
-89 2
+32 4
cfi=(17)
cfn=(42)
calls=2 -73 
* 46
* 2
+1 2
-1 2
+1 6
-33 2

fn=(50)
32 15
+2 6
cfi=(2)
cfn=(52)
calls=3 688 
* 6
+2 3
-2 3
+2 19
+3 15
+2 2
+2 2
+4 2
+4 2
-4 4
+1 2
+4 4
-4 2
+1 2
+3 2
-3 2
+2 2
cfi=(2)
cfn=(54)
calls=2 694 
* 4
-4 1
+4 1
-4 2
+1 1
+4 2
-4 1
+1 1
+3 1
-3 1
+2 1
cfi=(2)
cfn=(54)
calls=1 694 
* 2
-5 2

fl=(34)
fn=(120)
34 6
+1 18
+4 3

fl=(19)
fn=(56)
144 177
+1 177
+2 177
+1 177
+21 177
+1 177
+1 138
+1 138
+1 118
+1 118
+1 118
+1 118
+21 118
+1 118
+1 118
+1 118
+1 118
+1 118
+1 118
+5 3
+1 3
+9 3
+1 3
+1 3
+1 3
+1 3
+1 3
+1 3
+1 3
-7 59
+1 59
+1 59
+1 59
+1 59
+1 59
+1 59
+1 59
+1 61
+1 5
+1 5
+1 5
+2 5
+1 5
+1 5
+1 5
+1 5
+1 5
-5 56
+1 56
+1 56
+1 56
+1 56
+1 56
+10 1
+1 1
+1 1
+2 1
+6 1
+1 1
+1 1
+1 1
+1 1
+5 1
+2 1
+1 1
+1 2
+8 1
+1 1
+3 1
+1 1
+1 1
+1 1
+1 1
+1 1
1196 5
+1 5
+1 5
+1 5
+1 5
+2 5
+1 5
+1 5
+1 5
+1 5
+1 5
+1 5
+1 1
+4 1
+1 1
+1 1
+6 1
+1 1
+1 2
+4 1
+1 1
+3 1
+1 1
+1 1
+3 1
+1 1
+1 1
+6 1
+1 1
+1 1
+1 1
+1 1
+1 1
+72 28
+1 28
+1 28
+1 28
+1 28
+2 28
+1 28
+1 28
+1 28
+1 28
+1 28
+1 28
+1 1
+4 1
+1 1
+1 1
+6 1
+1 1
+1 2
+4 1
+1 1
+3 1
+1 1
+1 1
+3 1
+1 1
+1 1
+6 1
+1 1
+1 1
+1 1
+1 1
+1 1
+72 1
+1 1
+1 1
+1 1
+1 1
+2 1
+1 1
+1 1
+1 1
+1 1
+1 1
+1 1
1571 1
+1 1
+1 1
+1 1
+1 1
+2 1
+1 1
+1 1
+1 1
+1 1
+1 1
+1 1
+1 1
+4 1
+1 1
+1 1
+6 1
+1 1
+1 2
+4 1
+1 1
+3 1
+1 1
+1 1
+3 1
+1 1
+1 1
+6 1
+1 1
+1 1
+1 1
+1 1
+1 1
+72 2
+1 2
+1 2
+1 2
+1 2
+2 2
+1 2
+1 2
+1 2
+1 2
+1 2
+1 2
+1 1
+4 1
+1 1
+1 1
+6 1
+1 1
+1 2
+4 1
+1 1
+3 1
+1 1
+1 1
+3 1
+1 1
+1 1
+6 1
+1 1
+1 1
+1 1
+1 1
+1 1
+72 4
+1 4
+1 4
+1 4
+1 4
+2 4
+1 4
+1 4
+1 4
+1 4
+1 4
+1 4
+1 2
+4 2
+1 2
+1 2
+6 2
+1 2
+1 4
+4 2
+1 2
+3 2
+1 2
+1 2
+3 2
+1 2
+1 2
+6 2
+1 2
+1 2
+1 2
+1 2
+1 2
+7 1
+1 1
+2 1
+1 1
+2 1
+1 1
+1 1
+3 1
+1 1
+1 1
+6 1
+1 1
+1 1
+1 1
+1 1
+1 1
+41 20
+1 20
+1 20
+1 20
+1 20
+2 20
+1 20
+1 20
+1 20
+1 20
+1 20
+1 20
2200 7
+2 7
+1 7
+1 7
+1 7
-3 55
+1 55
+1 55
+1 55
+1 15
+5 5
+6 5
+1 5
+8 5
+1 5
-16 172
+6 172
+1 172
+8 172
+1 172

fl=(71)
fn=(296)
66 6
+6 6
-6 3
+3 6
+3 9
-4 3
+5 18
+1 3
-1 3
+1 6
+5 6
+4 6
+4 9
+4 6
+1 12
+2 12
+7 6
-1 3
+1 3
+10 27
cfi=(6)
cfn=(176)
calls=3 810 
* 2488
* 3
+4 15
+10 18
+16 3
-8 3
+8 9
+4 9
fi=(5)
259 3
fe=(71)
149 9

fl=(10)
fn=(18)
31 7
+8 1
-6 2
+7 1

fl=(27)
fn=(84)
40 12
+1 3
cfi=(11)
cfn=(24)
calls=3 +25 
* 84
* 3
+1 6
cfi=(17)
cfn=(42)
calls=3 +50 
* 69
* 3
+2 6
+4 3
-1 6
+1 6
-1 6
cfi=(18)
cfn=(48)
calls=3 +84 
* 38

fl=(28)
fn=(94)
74 2

fn=(90)
50 8
+5 6
+5 2
-1 1
+1 2
+1 2
-1 1
+4 1
-13 4
+4 8
+4 1
-1 1
+1 4

fl=(1) ???
fn=(0) 0x0000000000000ca0
0 2
cfi=(2)
cfn=(2)
calls=1 337 
0 93484
0 14
cfi=(53)
cfn=(220)
calls=1 80 
0 2772
0 3
cob=(5) /home/marcos/university/2ano/2sem/asa/projeto1/avl
cfi=(63) ???
cfn=(258) _start
calls=1 0 
0 14003032966

ob=(5)
fl=(63)
fn=(266) __libc_csu_init
0 15
cob=(2)
cfi=(16)
cfn=(268)
calls=1 0 
0 6
0 8
cfn=(272) 0x00000000000007f0
calls=1 0 
0 17
0 11

fn=(258)
0 11
cob=(3)
cfi=(64) /build/glibc-bDJTDn/glibc-2.24/csu/../csu/libc-start.c
cfn=(260) (below main)
calls=1 134 
0 14003032955

fn=(272)
0 17

fl=(69) /home/marcos/university/2ano/2sem/asa/projeto1/main.c
fn=(378) addNode
82 6299965
+2 1799990
cob=(3)
cfi=(78)
cfn=(320)
calls=899995 2914 
* 177305549
* 899995
* 899995
+1 3599980
+1 8999950
+2 6299965
+1 8099955
+1 899995
+1 1799990

fn=(380) getStartingNode
93 4
+2 1
+2 2
+2 3200000
+1 2
+1 1
-4 1600003
+7 2
+2 1
+1 2

fn=(384) tarjanVisit
151 9
+2 10
+2 3
+1 1
+2 9
+3 19
cfn=(385) tarjanVisit'2
calls=1 -10 
* 12303906085
-5 5

fn=(385)
151 1129964265
+2 1255515850
+2 376654755
+1 125551585
+2 1129964265
+3 2385480096
cfn=(385)
calls=125551584 -10 
* 32935837892194
* 251096064
+1 878836224
+2 251096064
+2 251096064
+3 376644096
-13 878853989
+16 753288192
+1 1129932288
+2 502192128
+3 251096064
+3 125548032
+1 251096064

fn=(286) main
30 10
+3 6
cob=(1)
cfi=(70)
cfn=(294)
calls=1 163 
* 61894
* 5
+2 5
cob=(1)
cfi=(70)
cfn=(294)
calls=1 163 
* 1150
* 5
* 1
+1 5
cfn=(376) initializeNodes
calls=1 +35 
* 90011050
* 1
+2 26
+2 2
+3 5399970
cob=(3)
cfi=(72)
cfn=(300)
calls=899995 -15 
* 1367947090
* 899995
+1 5399970
cfn=(378)
calls=899995 +38 
* 216905329
* 899995
-4 3599983
+7 5
cfn=(380)
calls=1 +46 
* 4800018
* 1
+2 2
+2 2
+4 5
cfn=(382) tarjanAlgorithm
calls=1 +71 
* 12307106228

fn=(376)
71 6
+2 2
+2 2800000
cob=(3)
cfi=(78)
cfn=(320)
calls=400000 2914 
* 78811034
* 400000
* 400000
+1 3200000
+1 2800000
-4 1600003
+6 1
+1 4

fn=(382)
126 12
+2 1
+1 1
+1 26
+1 26
+3 2
+1 1600000
-1 1600003
+3 16
cfn=(384)
calls=1 +14 
* 12303906141

ob=(4)
fl=(54)
fn=(228)
0 17

ob=(3)
fl=(85) /build/glibc-bDJTDn/glibc-2.24/misc/../sysdeps/unix/sysv/linux/x86_64/brk.c
fn=(348) brk
31 760
+8 95
-6 190
+7 63
-5 64
+1 32
+4 32

fl=(52)
fn=(204)
29 1
+1 1
+1 1
+1 1
+1 1
+1 1
+9 1
+1 1
+1 1
+6 1
+1 1
+1 1
+1 1
+1 1
+10 1

fl=(81) /build/glibc-bDJTDn/glibc-2.24/elf/dl-addr.c
fn=(326) _dl_addr
127 9
+5 1
-5 2
+5 2
cob=(1)
cfi=(2)
cfn=(52)
calls=1 688 
* 2
+2 2
cob=(1)
cfi=(70)
cfn=(295)
calls=1 +29 
* 1165
* 5
+2 2
30 1
+1 1
-1 1
+1 1
+3 2
+5 1
+6 1
-7 1
+2 2
+2 1
-2 1
+2 1
+3 1
+5 8
+2 1
+1 2
-1 1010
+1 2020
+2 3628
+9 2019
+7 25
-2 25
+2 2264
-2 2214
+2 5760
-10 11195
+2 8956
+1 14345
+7 1011
-21 2022
+50 3
+1 1
+1 3
+3 2
+37 2
cob=(1)
cfi=(2)
cfn=(54)
calls=1 694 
* 2
+3 9
-28 1
+1 1
+21 2

fl=(87) /build/glibc-bDJTDn/glibc-2.24/io/../sysdeps/unix/syscall-template.S
fn=(358) read
84 5910
cfn=(360) __read_nocancel
calls=2955 * 
* 14775

fn=(360)
84 14775

fl=(66) /build/glibc-bDJTDn/glibc-2.24/setjmp/../sysdeps/x86_64/bsd-_setjmp.S
fn=(280) _setjmp
30 1
+2 1
cfi=(67) /build/glibc-bDJTDn/glibc-2.24/setjmp/../sysdeps/x86_64/setjmp.S
cfn=(282) __sigsetjmp
calls=1 -6 
* 26

fl=(72)
fn=(300)
28 7199968
+4 899996
+1 2699988
-1 4499980
+1 2699988
cfi=(73) /build/glibc-bDJTDn/glibc-2.24/stdio-common/vfscanf.c
cfn=(302) _IO_vfscanf
calls=899996 279 
* 1348208215
+4 1799992

fl=(48) /build/glibc-bDJTDn/glibc-2.24/elf/../sysdeps/unix/sysv/linux/dl-vdso.c
fn=(190) _dl_vdso_vsym
27 8
+4 8
-3 4
+20 4

fl=(51)
fn=(200)
37 1
-1 1
+1 6
fi=(47) /build/glibc-bDJTDn/glibc-2.24/time/../sysdeps/generic/dl-hash.h
+11 3
+14 4
-17 3
+3 9
+14 12
-17 9
+22 1
fe=(51)
-30 2
+3 2
-3 1
+3 1
cfi=(48)
cfn=(190)
calls=1 -13 
* 6
+1 3
+1 2

fl=(64)
fn=(260)
134 7
+4 1
-4 3
+4 4
+82 1
-82 1
+82 1
+1 4
cfi=(65) /build/glibc-bDJTDn/glibc-2.24/stdlib/cxa_atexit.c
cfn=(262) __cxa_atexit
calls=1 57 
* 60
+22 4
+3 2
+1 5
cob=(5)
cfi=(63)
cfn=(266)
calls=1 0 
* 57
+4 4
+15 2
+12 2
cfi=(66)
cfn=(280)
calls=1 30 
* 28
+1 2
+5 2
+1 2
+3 2
+3 6
cob=(5)
cfi=(69)
cfn=(286)
calls=1 30 
* 14003032753
+34 2

fl=(83) /build/glibc-bDJTDn/glibc-2.24/malloc/morecore.c
fn=(344) __default_morecore
46 95
+1 95
cfi=(84) /build/glibc-bDJTDn/glibc-2.24/misc/sbrk.c
cfn=(346) sbrk
calls=95 -13 
* 3921
+2 285
+3 190

fl=(60) /build/glibc-bDJTDn/glibc-2.24/ctype/ctype-info.c
fn=(246) __ctype_init
31 5
+2 1
+2 1
-4 1
+4 1
-4 1
+2 3
+2 3

fl=(68) /build/glibc-bDJTDn/glibc-2.24/setjmp/sigjmp.c
fn=(284) __sigjmp_save
29 1
-1 2
+1 2
+5 3

fl=(65)
fn=(262)
57 5
-22 1
+22 1
-22 1
cfn=(264) __new_exitfn
calls=1 +38 
* 38
+2 2
+4 1
+3 1
+1 1
-4 2
+2 1
+4 1
+1 1
+11 4

fn=(264)
73 2
+6 1
-6 1
+6 1
-6 1
+6 4
+2 6
+2 3
-2 1
+10 2
-10 2
+45 1
+1 1
+3 4
+3 5
-21 1
+1 2

fl=(78)
fn=(338) malloc_consolidate
4179 2
+70 1
cfn=(340) malloc_init_state
calls=1 1804 
* 648

fn=(340)
1804 4
+8 3
-3 2
+3 378
-3 252
+7 3
+8 1
-4 1
+3 1
-2 2
+3 1

fn=(342) sysmalloc
2277 760
+20 95
+11 95
-11 95
+11 95
+1 567
fi=(80) /build/glibc-bDJTDn/glibc-2.24/malloc/arena.c
485 376
fe=(78)
2324 282
+65 94
+1 282
+10 94
-9 94
+9 284
+6 282
+3 282
2730 188
+1 94
+5 188
+3 188
+5 94
-3 94
+3 94
-2 94
+2 282
+1 94
-1 94
-1 94
+1 188
+1 94
+2 94
+6 760
2400 651
-90 3
+14 4
+6 2
+19 3
+15 3
+5 3
+1 5
+3 3
+1 5
+4 2
+84 282
+19 94
-11 94
+11 188
-11 94
+1 63
+10 126
+8 63
-8 63
+8 63
+2 564
cfi=(83)
cfn=(344)
calls=94 46 
* 4561
+4 94
-4 94
+4 376
+3 248
+1 124
+46 188
+2 188
+6 94
-6 94
+6 276
+1 305
-73 62
+8 31
-8 31
+8 31
+29 128
+1 32
+3 64
+2 288
cfi=(91) /build/glibc-bDJTDn/glibc-2.24/misc/../sysdeps/unix/sysv/linux/wordsize-64/mmap.c
cfn=(374) mmap
calls=32 33 
* 1056
+2 32
-2 32
+2 96
+12 32
+5 192
+13 70
+37 2
+6 4
+19 1
+3 2
+1 5
+2 2
+1 5
cfi=(83)
cfn=(344)
calls=1 46 
* 25
+12 4
+8 2
+1 4
+39 1
+1 1
-2 1
+1 2
+12 1
-12 1
+1 1
+11 1
-12 32
+1 32
-2 32
+1 64
+12 32
-12 32
+1 32
+11 32
+7 64
+1 64
+15 32
-15 32
+8 32
+3 32
+4 32
-64 96
-70 32
+89 64
2546 2
-32 65
+1 5
2332 7
cfi=(91)
cfn=(374)
calls=1 33 
* 33
+2 2

fn=(320)
2914 3899991
+5 2599994
+1 2599994
+3 10399968
+2 3899988
cfn=(336) _int_malloc
calls=1299996 3354 
* 196317049
+3 1299996
-3 1299996
+3 1299996
+8 5199984
+2 12999955
+3 6499980
-18 7799976
-2 1
+20 3
-20 1
cfi=(79) /build/glibc-bDJTDn/glibc-2.24/malloc/hooks.c
cfn=(322) malloc_hook_ini
calls=1 30 
* 59222

fn=(321) malloc'2
2914 3
+5 2
+1 2
+3 8
+2 3
cfn=(336)
calls=1 3354 
* 1022
+3 1
-3 1
+3 1
+8 4
+2 10
+3 5
-18 6

fn=(336)
3354 9099979
+30 14299967
+6 1299997
-2 1299997
-4 1299997
+4 1299997
+14 2599994
+2 3899985
+2 1299995
-2 1299995
+1 1299995
+5 2599990
+29 2599994
+2 3899985
+1 3899985
+2 1299995
-2 1299995
+2 2599990
+39 18
+1 4
+1 2
cfn=(338)
calls=1 4179 
* 651
3854 12999970
-2 1299997
+2 1299997
-2 1299997
+2 2599994
-2 1299997
3524 1299997
3854 16899961
3524 1299997
-20 6499985
1888 1299902
3840 1299902
1888 2599804
3868 11699973
3638 2599994
+73 2599994
+1 2599994
+3 1299997
-2 1299997
+2 1299997
-2 1299997
+1 2599994
+6 2599994
+7 15599940
-3 15599946
3827 1299997
+1 2599994
+2 2599994
+17 190
3640 8
+3 2
-3 2
+3 4
3862 285
cfn=(342)
calls=95 2277 
* 18655
+1 95
-1 95
+1 95
1888 285
3483 16
3835 1299902
-3 1299902
+3 1299902
-2 1299902
+2 5199608
+2 1299902
-2 1299902
-1 1299902
+1 2599804
+2 2599804

fl=(91)
fn=(374)
33 33
-1 330
+1 99
+1 330
+2 231
-3 66

fl=(76) /build/glibc-bDJTDn/glibc-2.24/libio/filedoalloc.c
fn=(312) _IO_file_doallocate
78 5
+6 4
fi=(86) /build/glibc-bDJTDn/glibc-2.24/libio/libioP.h
936 3
+2 2
+1 2
fe=(76)
84 3
cfi=(75) /build/glibc-bDJTDn/glibc-2.24/libio/fileops.c
cfn=(314) _IO_file_stat
calls=1 1237 
* 13
* 2
+2 4
+11 3
+4 2
cob=(2)
cfi=(16)
cfn=(318)
calls=1 0 
* 59235
* 1
+2 1
-1 2
+2 4
cfi=(74) /build/glibc-bDJTDn/glibc-2.24/libio/genops.c
cfn=(350) _IO_setb
calls=1 380 
* 18
+1 1
+1 5

fl=(73)
fn=(302)
279 8999960
+11 899996
-11 1799992
+11 1799992
+1 899996
fi=(90) /build/glibc-bDJTDn/glibc-2.24/stdio-common/../include/scratch_buffer.h
79 899996
fe=(73)
291 899996
fi=(90)
78 3599984
fe=(73)
341 5399976
+6 2699989
+3 4499980
+4 899996
+20 899996
-20 899996
+20 899996
-13 1799992
+6 899996
+2 2699988
+5 899996
-5 899996
+5 5399976
2671 899996
334 899996
-49 899996
-1 1799992
+95 899996
2671 899996
2215 899996
295 899996
-12 899996
+47 1799992
-1 899996
-1 1799992
-1 899996
-12 899996
2215 1799992
383 8099964
+37 3599984
+24 1799992
-1 1799992
+1 1799992
+5 3599984
347 1799990
+27 13499940
223 1799992
+1 3599984
489 8999960
+49 16199928
3024 11699948
fi=(90)
86 4499980
fe=(73)
3027 2699988
+3 1799992
+17 1799992
+6 8099964
483 1799992
+12 1799992
+12 8999960
+21 3599984
+7 1799992
-7 5399976
+90 3599984
+5 7199968
+1 5399976
+3 12599944
+1 8999960
+6 25198149
+3 14399932
-3 7199966
+3 3599984
+1 1799992
+1 5399976
-1 1799992
+1 5399976
+4 1799992
-4 8999960
cfi=(74)
cfn=(362) _IO_sputbackc
calls=1799992 +40 
* 32399856
+4 17999920
-19 5399976
+10 3031
cfi=(74)
cfn=(304) __uflow
calls=433 350 
* 122127
* 3031
-96 3599984
1404 14399936
+5 1799992
-5 1799992
+5 3599984
+9 7199968
+26 8999960
1748 12599944
-9 27800352
+2 24200368
+5 108401896
261 20600384
+3 30900576
1805 41200768
+2 92691640
-68 20595340
+68 2522
-68 7205012
+71 5399976
+7 3599984
215 1799992
1818 3599984
+28 14399936
cfi=(74)
cfn=(362)
calls=1799992 679 
* 32399856
* 3599984
261 5399976
+3 5399976
1850 3599984
+17 10799952
+1 8999960
cfi=(88) /build/glibc-bDJTDn/glibc-2.24/stdlib/../stdlib/strtol.c
cfn=(364) __strtol_internal
calls=1799992 98 
* 374701208
* 3599984
+6 5399976
+3 8999960
+2 3599984
+4 5399976
+23 3599984
639 1799992
1396 1799992
+1 1799992
-2 1799992
+2 1799992
1748 8999960
+59 7566
cfi=(74)
cfn=(304)
calls=2522 350 
* 365690
* 10088
1441 7199968
454 2699988
3014 1799992
1819 80
+1 80
+65 3599984
+2 3599984
+1 5399976
+14 17999920
634 866

fl=(89) /build/glibc-bDJTDn/glibc-2.24/stdlib/../stdlib/strtol_l.c
fn=(366) ____strtol_l_internal
227 3599984
+48 1799992
-48 8999960
+47 1799992
-47 1799992
+26 1799992
-26 1799992
+26 1799992
+31 7199968
+9 10799952
+2 3599984
+5 3599984
+5 1799992
-6 1799992
+7 5399976
+3 5399976
+10 3599984
+7 3599984
435 8999960
+26 1799992
+12 1799992
-11 1799992
+11 1799992
-11 3599984
+11 3599984
-36 30900576
-4 20600384
+2 43000760
+44 3599984
+5 5399976
+1 1799992
+5 3599984
+3 5399976
+33 14399936
329 8999960
-82 3599984
465 30900576
+3 48398616
+5 10300192
+1 41200768
+17 3599984

fl=(67)
fn=(282)
26 1
+9 1
+1 2
+1 1
+4 1
+1 1
+1 1
+1 1
+1 1
+2 2
+2 1
+1 1
+3 2
+2 1
+8 1
cfi=(68)
cfn=(284)
calls=1 -34 
* 8

fl=(77) /build/glibc-bDJTDn/glibc-2.24/io/../sysdeps/unix/sysv/linux/wordsize-64/fxstat.c
fn=(316) _fxstat
34 2
+1 6
+4 1

fl=(79)
fn=(322)
30 2
fi=(80)
257 3
fe=(79)
29 3
cfi=(80)
cfn=(324) ptmalloc_init.part.5
calls=1 255 
* 58143
* 1
+4 1
-1 1
cfi=(78)
cfn=(321)
calls=1 2914 
* 1068

fl=(88)
fn=(364)
98 5399976
cfi=(89)
cfn=(366)
calls=1799992 227 
* 369301232

fl=(49)
fn=(196)
45 1
+1 1
+1 1
+1 1
+1 1
+1 1

fn=(192)
45 1
+1 1
+1 1
+1 1
+1 1
+1 1

fl=(61)
fn=(250) handle_intel
263 6
-2 6
+13 3
-13 18
+10 3
+1 6
-3 9
+23 12
cfn=(252) intel_check_word
calls=3 133 
* 1020
+1 6
+3 15
cfn=(252)
calls=3 133 
* 598
+1 6
+3 10
cfn=(252)
calls=2 133 
* 48
+1 4
+3 10
cfn=(252)
calls=2 133 
* 270
+1 4
-25 6
+5 3
-5 9
+5 3
+2 3
+1 3
-1 6
+27 24

fn=(252)
133 20
+6 10
-7 50
+7 40
-7 10
+7 10
+2 10
-2 10
+2 10
+68 16
+3 48
-69 8
+2 16
-2 14
+2 28
+8 44
+51 44
+22 22
fi=(62) /build/glibc-bDJTDn/glibc-2.24/string/../bits/stdlib-bsearch.h
27 22
+1 44
+3 44
+1 22
fe=(61)
+89 44
fi=(62)
-90 76
+1 38
fe=(61)
+89 76
+3 140
fi=(62)
-95 98
+2 98
-2 98
+2 172
+1 86
fe=(61)
+89 172
231 24
+14 6
+6 19
141 38
-6 7
256 42
fi=(62)
37 42
-8 88
fe=(61)
233 3
+2 6
+2 3
+19 18

fn=(248)
481 7
+12 4
770 3
+1 8
495 4
cfn=(250)
calls=1 263 
* 776
+2 2
-2 1
+2 1
cfn=(250)
calls=1 263 
* 846
+5 2
-5 1
+5 1
cfn=(250)
calls=1 263 
* 489
+8 1
-8 1
+8 1
+11 1
-20 1
+25 2
+4 2
+8 6
+3 2
+9 6
+14 2
+4 1
+3 1
+1 1
-4 1
+3 1
-3 1
+3 1
+6 4
-39 3
+3 9
+6 6
-6 3
+6 2
+3 20
+5 2
+4 1
+1 1
-1 3
682 4
+1 4
+4 2
+60 2
+2 1
+1 1
+2 1
-3 1
+5 1
-5 1
+4 3
+4 2
+2 1
+1 1
+2 1
-3 1
+5 1
-5 1
+4 4
583 2
+8 8
+2 3
+4 2
-4 1
-2 1
+4 1
+23 4
-23 6
+2 6
+2 2
+1 2
+1 8
+2 4
+3 2
+5 1
+2 2
+1 1
-1 1
+2 1
-2 1
+1 2
+7 2
+4 2
+3 1
+2 2
+1 1
-1 2
+1 1
+5 2
+6 2
+1 2
+1 1
+1 2

fl=(74)
fn=(304)
350 8865
-2 11820
+8 5910
+3 8865
+2 5910
+6 5910
+7 2955
fi=(86)
936 8865
+2 5910
+1 5910
fe=(74)
374 2955
+1 2955
-1 2955
+1 5910
-1 2955
cfn=(306) _IO_default_uflow
calls=2955 +38 
* 387347
-24 5910
+22 5910

fn=(310) _IO_doallocbuf
395 2
-1 3
+3 4
+1 1
fi=(86)
936 3
+2 2
+1 2
fe=(74)
398 2
cfi=(76)
cfn=(312)
calls=1 78 
* 59310
* 2
+3 4

fn=(354) _IO_switch_to_get_mode
175 11820
+1 8865
+3 8865
+5 2955
-1 5910
+1 2955
+7 2955
-4 2955
+2 5910
+2 2955
+1 2955
+1 11820

fn=(306)
412 5910
fi=(86)
936 5910
fe=(74)
412 5910
+1 2955
fi=(86)
936 2955
+2 5910
+1 5910
fe=(74)
413 5910
cfi=(75)
cfn=(308) _IO_file_underflow@@GLIBC_2.2.5
calls=2955 547 
* 316427
+1 5910
+2 11820
+1 11820

fn=(362)
679 14399936
+3 10799952
+1 7199968
+9 3599984
+3 14399936
-10 14399936

fn=(350)
380 3
+1 4
+3 1
+2 4
-3 1
+3 2
+3 3

fl=(46)
fn=(186)
38 1
-1 1
+1 6
fi=(47)
+10 3
+14 4
-17 3
+3 9
+14 12
-17 9
+22 1
fe=(46)
-29 2
+3 2
-3 1
+3 1
cfi=(48)
cfn=(190)
calls=1 -14 
* 6
+1 3
+1 2

fl=(59) /build/glibc-bDJTDn/glibc-2.24/string/../sysdeps/x86_64/strrchr.S
fn=(244) rindex
24 1
+1 1
+1 1
+1 1
+1 1
+1 1
+1 1
+1 1
+1 1
+1 1
+1 1
+1 1
+1 1
+1 1
+1 1
+1 1
+1 1
+1 1
+1 1
+1 1
+1 1
+1 1
+1 1
+1 1

fl=(75)
fn=(356) _IO_file_read
1224 11820
cfi=(87)
cfn=(358)
calls=2955 84 
* 20685

fn=(308)
547 8865
+6 8865
-14 14775
+17 8865
+13 5910
fi=(86)
863 2955
fe=(75)
589 5910
cfi=(74)
cfn=(354)
calls=2955 175 
* 70920
+11 2955
-5 2955
fi=(86)
938 2955
fe=(75)
595 5910
fi=(86)
938 2955
fe=(75)
596 2955
+2 2955
fi=(86)
939 2955
fe=(75)
597 5910
fi=(86)
939 2955
fe=(75)
600 11820
cfn=(356)
calls=2955 1224 
* 32505
+2 5910
+16 2955
-9 2955
+9 5910
+2 2955
+1 5910
-1 2955
+1 11820
-67 8865
+5 3
+5 2
cfi=(74)
cfn=(310)
calls=1 395 
* 59335
* 2

fn=(314)
1237 1
+1 3
cfi=(77)
cfn=(316)
calls=1 34 
* 9

fl=(80)
fn=(324)
255 6
+13 1
-8 1
+8 1
+6 3
+2 5
+16 2
-56 60
-18 183
+2 120
337 2
+7 2
+1 2
+3 1
+1 7
-80 5
cfi=(81)
cfn=(326)
calls=1 127 
* 57736
* 2
+1 4

fl=(45)
fn=(184)
109 1
+1 1
+1 1
+1 1
+1 1
+1 1
+1 1
+1 1
+1 1
+5 1

fn=(194)
129 1
+1 1
+1 1
+1 1
+1 1
+1 1
+1 1
+1 1
+1 1
+5 1

fl=(55)
fn=(236)
52 8
+6 3
+14 1
fi=(57) /build/glibc-bDJTDn/glibc-2.24/csu/../sysdeps/unix/sysv/linux/x86_64/init-first.c
-36 1
fe=(55)
+34 1
+1 1
fi=(57)
-35 3
fe=(55)
+36 1
fi=(57)
-36 3
fi=(56) /build/glibc-bDJTDn/glibc-2.24/csu/../sysdeps/generic/dl-hash.h
+12 3
+14 4
-17 3
+3 9
+14 12
-17 9
+22 1
fi=(57)
-31 2
+2 2
-2 1
+2 2
cfi=(48)
cfn=(190)
calls=1 -11 
* 6
+1 2
+5 2
-3 2
+1 1
+2 1
cfi=(48)
cfn=(190)
calls=1 -17 
* 6
fe=(55)
+42 3
fi=(57)
-41 2
+1 1
fe=(55)
+40 1
cfi=(58) /build/glibc-bDJTDn/glibc-2.24/misc/init-misc.c
cfn=(242) __init_misc
calls=1 -55 
* 48
+8 1
cfi=(60)
cfn=(246)
calls=1 -63 
* 16
+5 6
-34 1
-7 1
+7 4
fi=(57)
-25 2
fe=(55)

fl=(58)
fn=(242)
31 2
-1 3
+1 4
+2 3
cfi=(59)
cfn=(244)
calls=1 -9 
* 24
+1 2
+3 3
+1 3
+2 4

fl=(84)
fn=(346)
34 95
+8 95
-8 285
+8 567
+4 190
+4 564
+5 32
+7 165
-19 2
cfi=(85)
cfn=(348)
calls=1 -12 
* 12
* 4
+15 188
cfi=(85)
cfn=(348)
calls=94 -27 
* 1224
* 188
+4 310

fl=(50)
fn=(198)
30 1
+1 1
+1 1
+1 1
+1 1
+1 1

totals: 14003129241
