version: 1
creator: callgrind-3.12.0.SVN
pid: 3230
cmd:  ./avl
part: 1


desc: I1 cache: 
desc: D1 cache: 
desc: LL cache: 

desc: Timerange: Basic block 0 - 14842688
desc: Trigger: Program termination

positions: line
events: Ir
summary: 67175240


ob=(2) ???
fl=(16) ???
fn=(446) 0x00000000001086e0
0 1
cob=(3) /lib/x86_64-linux-gnu/libc-2.24.so
cfi=(98) /build/glibc-bDJTDn/glibc-2.24/stdlib/cxa_finalize.c
cfn=(448) __cxa_finalize
calls=1 31 
0 51

fn=(268) 0x0000000000108650
0 6

fn=(478) 0x0000000004a26808
0 3

fn=(86) 0x0000000004000a90
0 1
cob=(1) /lib/x86_64-linux-gnu/ld-2.24.so
cfi=(17) /build/glibc-bDJTDn/glibc-2.24/elf/dl-minimal.c
cfn=(88) free
calls=1 118 
0 6

fn=(468) 0x0000000004a265a0
0 1
cob=(3)
cfi=(98)
cfn=(448)
calls=1 31 
0 51

fn=(224) 0x0000000004a26560
0 6

fn=(318) 0x0000000004c47900
0 2
cob=(3)
cfi=(78) /build/glibc-bDJTDn/glibc-2.24/malloc/malloc.c
cfn=(320) malloc
calls=2 2914 
0 59416

fn=(460) 0x0000000000108fb4
0 3

ob=(1)
fl=(31) /build/glibc-bDJTDn/glibc-2.24/setjmp/../sysdeps/x86_64/setjmp.S
fn=(102) __sigsetjmp
26 3
+9 3
+1 6
+1 3
+4 3
+1 3
+1 3
+1 3
+1 3
+2 6
+2 3
+1 3
+3 6
+2 3
+4 3
+1 3

fl=(26) /build/glibc-bDJTDn/glibc-2.24/string/../sysdeps/x86_64/multiarch/../strchr.S
fn=(76) index
24 7
+1 7
+1 7
+1 7
+1 7
+1 7
+1 7
+1 7
+1 7
+1 7
+1 7
+1 7
+1 7
+1 7
+1 7
+1 7
+1 7
+1 5
+4 5
+1 5
+1 5
+1 5
+2 5
+4 2
+1 2
+1 2
+1 2
+1 2
+1 2
+1 2
+1 2
+1 2
+1 2
+1 2
+1 2
+1 2
+1 2
+1 2
+1 2
+1 2
+1 2
+1 2
+1 2
+1 2
+1 2
+1 2
+1 2
+52 2
+4 2
+1 2
+1 2
+1 2
+2 2

fl=(97) /build/glibc-bDJTDn/glibc-2.24/elf/dl-fini.c
fn=(436) _dl_fini
130 8
+20 16
+3 2
cfi=(2) /build/glibc-bDJTDn/glibc-2.24/elf/rtld.c
cfn=(52) rtld_lock_default_lock_recursive
calls=1 688 
* 2
+2 1
+3 2
+2 8
+8 1
-3 1
+8 1
-5 6
+7 8
+2 8
+2 8
+1 4
+1 4
+4 4
-12 13
+14 6
+1 2
+4 5
cfn=(438) _dl_sort_fini
calls=1 33 
* 215
+9 2
cfi=(2)
cfn=(54) rtld_lock_default_unlock_recursive
calls=1 694 
* 2
+5 6
+2 1
+2 3
-2 3
+2 9
+3 8
+3 12
+4 4
+11 2
+1 2
-1 2
+2 4
+1 6
+1 4
cob=(4) /usr/lib/valgrind/vgpreload_core-amd64-linux.so
cfi=(54) ???
cfn=(462) 0x0000000000000640
calls=1 0 
* 73
cob=(5) /home/marcos/university/2ano/2sem/asa/projeto1/avl
cfi=(63) ???
cfn=(440) 0x00000000000007b0
calls=1 0 
* 73
-1 8
+5 4
+1 6
cob=(2)
cfi=(16)
cfn=(478)
calls=1 0 
* 3
cob=(2)
cfi=(16)
cfn=(460)
calls=1 0 
* 3
+6 24
+16 8
-56 10
+11 6
+51 6
+6 2
+7 8

fn=(438)
33 2
-2 1
+7 1
-7 7
+7 2
+1 1
-1 5
+1 1
-1 1
+2 2
-1 3
+1 1
-1 1
+1 1
cfi=(38) /build/glibc-bDJTDn/glibc-2.24/string/../sysdeps/x86_64/multiarch/../multiarch/memset-vec-unaligned-erms.S
cfn=(128) memset
calls=1 +51 
* 13
* 1
+77 15
+3 14
cfi=(38)
cfn=(128)
calls=2 -29 
* 32
* 3
-76 6
+1 3
-1 3
+1 6
+4 12
+6 6
+1 6
+2 15
+1 7
+2 9
+1 6
+19 1
+43 8
-32 9
+21 3
-57 8

fl=(25) /build/glibc-bDJTDn/glibc-2.24/misc/../sysdeps/unix/sysv/linux/wordsize-64/mmap.c
fn=(74) mmap
33 8
-1 80
+1 20
+1 80
+2 56
-3 18

fl=(23) /build/glibc-bDJTDn/glibc-2.24/elf/dl-hwcaps.c
fn=(68) _dl_important_hwcaps
39 6
+3 1
-3 2
+3 1
-1 1
+1 1
+9 1
-12 4
+12 2
+10 4
162 2
-47 3
cfi=(24) /build/glibc-bDJTDn/glibc-2.24/io/../sysdeps/unix/syscall-template.S
cfn=(70) access
calls=1 -31 
* 9
* 2
+55 3
+2 2
+1 5
+4 2
+4 1
-4 1
+1 1
+3 1
+3 2
+4 3
+1 1
-1 9
+1 1
+80 2
-12 2
+12 1
+1 2
-1 5
+1 6
-1 7
+5 8
+3 1
-3 1
+3 1
-3 3
+3 1
-3 1
+3 5
+1 12
+1 4
-1 4
+1 8
-2 4
+1 8
-1 14
+4 4
+3 1
+2 2
-1 1
-1 2
+2 1
-1 1
+1 9
+13 2
+1 1
-1 1
+3 2
-3 2
+1 1
-1 1
+3 2
+3 4
+3 1
-1 1
+1 7
207 12
+1 4
cfi=(17)
cfn=(42) malloc
calls=1 92 
* 23
* 1
+1 1
-1 1
+1 4
+29 1
+3 1
-3 3
+3 1
+2 5
cfi=(18) /build/glibc-bDJTDn/glibc-2.24/string/../sysdeps/x86_64/multiarch/../multiarch/memmove-vec-unaligned-erms.S
cfn=(72) mempcpy
calls=1 117 
* 16
* 4
cfi=(18)
cfn=(72)
calls=1 117 
* 15
+1 4
cfi=(18)
cfn=(72)
calls=1 117 
* 14
* 4
cfi=(18)
cfn=(72)
calls=1 117 
* 15
+25 14
113 1
+17 1
+1 1
-1 9
286 2

fl=(14) /build/glibc-bDJTDn/glibc-2.24/string/../sysdeps/x86_64/multiarch/../memcmp.S
fn=(32) bcmp
24 13
+1 13
+1 13
+1 13
+1 13
+1 13
+1 13
+1 13
+3 13
+1 13
+1 5
+1 5
+1 5
+1 5
+1 5
+1 5
+1 5
+2 12
+1 12
+1 4
+1 4
+1 4
+1 4
+1 4
+1 4
+1 4
+2 12
+1 12
+1 5
+1 5
+1 5
+1 5
+1 2
+1 2
+1 2
+2 9
+1 9
+1 5
+1 5
+1 5
+1 5
+5 4
+1 4
+1 4
+1 4
+1 4
+1 4
+1 4
+1 2
+1 2
+1 2
+1 2
+1 2
+7 2
+2 3
+4 8
+1 8
+1 1
+1 1
+1 1
+1 1
+1 1
+1 1
+1 1
+1 1
+1 1
+1 1
+1 1
+4 9
+1 9

fl=(22) /build/glibc-bDJTDn/glibc-2.24/elf/dl-load.c
fn=(106) _dl_map_object
2167 21
+8 3
-8 6
+8 3
+1 12
+3 42
+5 49
+2 21
cfi=(32) /build/glibc-bDJTDn/glibc-2.24/elf/dl-misc.c
cfn=(108) _dl_name_match_p
calls=7 288 
* 933
* 14
+4 12
+1 18
+3 2
+1 2
+1 2
-1 2
+1 2
cfi=(19) /build/glibc-bDJTDn/glibc-2.24/string/../sysdeps/x86_64/multiarch/../strcmp.S
cfn=(56) strcmp
calls=2 144 
* 68
* 4
2478 27
2213 4
+1 6
+8 2
-53 2
+53 4
+36 4
-2 2
+2 2
cfi=(26)
cfn=(76)
calls=2 24 
* 46
* 4
2409 6
cfn=(82) expand_dynamic_string_token
calls=1 362 
* 160
+1 1
-3 1
+3 2
+4 10
cfn=(110) open_verify.constprop.8
calls=1 1695 
* 283
+3 2
-3 1
+3 3
+12 4
+46 1
+1 4
-1 1
+1 8
cfn=(116) _dl_map_object_from_fd
calls=1 871 
* 1381
-1 1
+1 4
-1 1
+1 8
cfn=(116)
calls=1 871 
* 1707
* 6
2262 2
cfi=(11) /build/glibc-bDJTDn/glibc-2.24/string/../sysdeps/x86_64/strlen.S
cfn=(24) strlen
calls=1 66 
* 16
* 1
+2 1
-2 1
+2 1
+7 4
+35 2
+1 14
cfn=(138) open_path
calls=1 2018 
* 688
+6 2
-6 1
+6 1
638 1
2314 1
638 2
2401 2
+28 4
+2 4
2275 1
+8 2
-8 1
+8 1
-8 1
+8 7
-3 3
638 1
2281 1
638 2
2336 1
-14 1
+14 1
+2 3
+4 2
cfi=(41) /build/glibc-bDJTDn/glibc-2.24/elf/dl-cache.c
cfn=(142) _dl_load_cache_lookup
calls=1 185 
* 1519
+2 1
-2 1
+2 1
+4 2
+8 3
+23 10
cfn=(110)
calls=1 1695 
* 356
+4 2
-4 1
+4 3
+1 2
-89 4
+1 8
638 1
2297 1
638 2

fn=(82)
362 14
+10 4
-10 2
+10 2
cfi=(26)
cfn=(76)
calls=2 24 
* 70
* 4
+4 2
+11 10
-11 2
cfi=(27) /build/glibc-bDJTDn/glibc-2.24/string/strdup.c
cfn=(84) strdup
calls=2 40 
* 160

fn=(66) _dl_init_paths
661 1
+13 3
-13 5
+13 1
-13 1
+13 1
cfi=(23)
cfn=(68)
calls=1 39 
* 374
+5 1
-5 1
+5 1
cfi=(17)
cfn=(42)
calls=1 92 
* 23
* 1
+1 1
-2 1
+2 1
+8 2
-1 1
+1 1
-1 3
+5 1
-5 1
+5 1
cfi=(17)
cfn=(42)
calls=1 92 
* 81
* 1
+2 1
-3 1
+3 1
+29 1
-9 1
-3 1
-2 3
+14 1
-9 1
+9 2
-23 1
+1 1
+10 1
+1 1
+11 1
-8 1
+5 16
+1 4
-1 12
+1 12
-1 36
+3 11
-8 3
-6 6
+10 3
+4 3
-14 3
+2 3
+4 3
-3 3
+4 3
-2 3
+5 3
-3 6
+14 1
+4 1
-11 1
+6 1
+6 2
+2 4
+2 3
+38 5
+8 3
cfi=(26)
cfn=(76)
calls=1 24 
* 23
* 2
+2 2
cfi=(11)
cfn=(24)
calls=1 66 
* 16
* 8
cfi=(18)
cfn=(48) memcpy
calls=1 131 
* 10
* 1
+4 2
+15 1
+1 2
+1 1
-4 3
+2 13
+1 26
+1 13
-4 40
+8 1
cfi=(17)
cfn=(42)
calls=1 92 
* 23
* 1
+1 1
-2 1
+2 1
+6 9
cfn=(78) fillin_rpath
calls=1 433 
* 606
+4 5
+6 1
+4 7
-75 1
-2 2
+2 2
+14 2

fn=(116)
871 24
+10 2
-10 2
+10 2
-10 4
+10 2
cfi=(28) /build/glibc-bDJTDn/glibc-2.24/elf/dl-debug.c
cfn=(90) _dl_debug_initialize
calls=2 50 
* 16
fi=(33) /build/glibc-bDJTDn/glibc-2.24/elf/../sysdeps/posix/dl-fileid.h
37 6
fe=(22)
881 2
fi=(33)
37 2
cfi=(34) /build/glibc-bDJTDn/glibc-2.24/io/../sysdeps/unix/sysv/linux/wordsize-64/fxstat.c
cfn=(120) _fxstat
calls=2 -3 
* 18
* 4
+4 2
fe=(22)
897 2
fi=(33)
40 2
+1 2
fe=(22)
897 29
+1 10
fi=(33)
49 12
fe=(22)
1443 18
915 4
+24 8
+10 4
+22 8
+32 4
882 2
1006 14
cfi=(15) /build/glibc-bDJTDn/glibc-2.24/elf/dl-object.c
cfn=(34) _dl_new_object
calls=2 61 
* 734
+1 2
-1 2
+1 2
+11 2
+5 2
-5 2
+1 4
+1 2
+2 2
-2 2
+2 4
+1 6
+1 2
+19 2
-2 2
+10 2
-8 12
+8 2
-8 4
+8 2
+87 2
-87 2
1167 4
1051 2
1167 2
1051 2
1167 4
-29 6
-86 32
-1 119
+1 95
+6 4
+1 6
+1 2
+3 2
+1 1
+5 20
+5 32
+9 12
-1 12
+1 4
+1 8
+2 4
-2 4
+1 4
-1 4
+3 4
+4 4
-7 4
+2 4
+1 4
+4 4
+1 12
+5 2
-1 2
+1 2
-15 2
+14 2
+1 10
+10 2
-10 2
-1 2
+1 2
-15 2
+14 2
+1 10
+10 2
+3 3
+4 1
+1 1
+1 1
-1 1
+1 1
+4 1
+3 1
-3 1
+7 4
+6 1
cfi=(29) /build/glibc-bDJTDn/glibc-2.24/elf/dl-tls.c
cfn=(148) _dl_next_tls_modid
calls=1 52 
* 6
* 1
+1 1
+59 4
+1 4
+1 2
-6 4
+1 2
-71 11
+79 8
1019 2
1207 2
1019 2
1207 2
+10 4
fi=(35) /build/glibc-bDJTDn/glibc-2.24/elf/./dl-map-segments.h
56 4
fe=(22)
1217 10
fi=(35)
50 2
fe=(22)
1217 4
fi=(35)
56 10
-6 4
+6 2
cfi=(25)
cfn=(74)
calls=2 -23 
* 70
+4 2
-4 2
+4 6
+3 4
+1 2
+2 2
-2 2
-1 2
+3 2
+10 4
fi=(37) /build/glibc-bDJTDn/glibc-2.24/elf/./dl-load.h
+14 8
+1 6
+2 8
fi=(35)
+7 16
+6 2
+2 2
-2 2
+3 2
-2 2
+1 2
+1 2
-1 6
+8 6
+17 4
+12 4
-59 20
+2 8
fe=(22)
1229 8
+9 4
fi=(3) /build/glibc-bDJTDn/glibc-2.24/elf/get-dynamic-info.h
39 2
fe=(22)
1238 2
fi=(3)
39 2
+6 2
-2 2
+2 4
+15 2
+5 2
+2 2
-3 2
-3 36
+10 8
-26 24
+16 35
+10 35
-26 105
+26 2
-26 6
+2 90
+13 40
+2 8
+3 8
+13 4
+20 7
+1 8
+1 8
+1 8
+2 8
+5 8
+1 7
+1 8
+6 6
+5 4
+7 4
+1 6
+16 6
+5 1
+2 1
-2 1
+2 1
+2 2
+2 2
+3 6
+10 1
-8 4
+8 1
+5 2
+3 4
fe=(22)
1245 4
+15 6
+19 4
+2 10
+54 6
+1 2
+3 2
cfi=(24)
cfn=(132) close
calls=1 84 
* 5
* 2
cfi=(24)
cfn=(132)
calls=1 84 
* 5
* 4
+9 4
+2 6
+2 2
-2 2
+2 2
+16 4
cfi=(6) /build/glibc-bDJTDn/glibc-2.24/elf/dl-lookup.c
cfn=(10) _dl_setup_hash
calls=2 959 
* 46
+4 4
+1 4
+17 4
+9 2
-5 6
+5 2
+10 4
+10 6
cfi=(15)
cfn=(50) _dl_add_to_namespace_list
calls=2 32 
* 82
+4 6
fi=(3)
68 8
+1 2
+1 8
fe=(22)
1391 2
fi=(35)
119 4
+8 16
cfi=(38)
cfn=(128)
calls=2 -36 
* 284
* 8
-54 4
-1 2
+1 4
-1 10
cfi=(36) /build/glibc-bDJTDn/glibc-2.24/misc/../sysdeps/unix/syscall-template.S
cfn=(124) mprotect
calls=2 +12 
* 10
* 4
+18 28
cfi=(25)
cfn=(74)
calls=2 -57 
* 62
* 8
fi=(37)
+4 4
+2 1
-1 3
+1 1
-1 1
+1 2
-1 2
+3 4
fi=(35)
+39 11
cfi=(25)
cfn=(74)
calls=1 33 
* 31
+3 4
fe=(22)
1233 2

fn=(78)
433 7
+2 1
-2 9
+5 3
cfi=(17)
cfn=(80) strsep
calls=1 -86 
* 281
* 3
cfi=(17)
cfn=(80)
calls=1 -86 
* 7
* 4
+4 3
+9 1
-9 1
cfn=(82)
calls=1 -80 
* 110
+2 1
-2 1
+2 1
cfi=(11)
cfn=(24)
calls=1 66 
* 16
+4 1
-4 1
+4 1
+7 6
+15 15
+1 8
+55 2
+2 2
cob=(2)
cfi=(16)
cfn=(86)
calls=1 0 
* 7
* 1
-39 2
+4 5
-1 1
cfi=(17)
cfn=(42)
calls=1 92 
* 23
* 1
+3 1
-3 1
+3 2
+5 1
+1 2
-2 1
+2 1
cfi=(18)
cfn=(72)
calls=1 117 
* 12
+3 1
-3 1
+1 1
+2 1
+6 2
+1 1
-1 1
+1 1
-1 1
+1 3
+1 1
-1 3
+1 3
-1 9
+3 2
+1 3
+7 1
+1 1
-1 2
-59 3
+26 2
+43 1
+3 9
-80 1
+5 4
+60 2

fn=(138)
2018 8
+1 1
+6 1
-6 1
+6 1
+5 9
-7 1
-1 1
+8 6
+74 7
-62 4
+7 4
-12 1
+12 1
cfi=(18)
cfn=(72)
calls=1 117 
* 12
* 1
+47 4
-14 4
-12 8
-20 23
+3 8
+5 8
-1 4
+1 8
-1 12
cfi=(18)
cfn=(72)
calls=4 117 
* 53
* 16
cfi=(18)
cfn=(72)
calls=4 117 
* 48
+3 8
+3 12
+3 36
cfn=(110)
calls=4 1695 
* 172
* 4
+2 20
+91 9
-24 7
+7 1
-2 1
+2 4
+3 3
-13 2
-57 8
+1 36
+6 8
+2 8
-2 8
+2 8
cfi=(40) /build/glibc-bDJTDn/glibc-2.24/io/../sysdeps/unix/sysv/linux/wordsize-64/xstat.c
cfn=(140) _xstat
calls=4 34 
* 49
* 8
+1 4
+2 6
+7 8
-5 3

fn=(110)
1695 60
+39 6
-39 18
+39 6
-39 6
+39 6
+31 24
cfi=(24)
cfn=(112) open
calls=6 84 
* 46
+2 6
-2 6
+2 8
+10 2
+1 4
+5 16
cfi=(24)
cfn=(114) read
calls=2 84 
* 10
+2 4
+2 2
+2 2
-2 4
+2 2
+6 4
+16 8
cfi=(14)
cfn=(32)
calls=2 24 
* 57
* 18
cfi=(14)
cfn=(32)
calls=2 24 
* 72
* 6
+74 4
+5 4
+2 8
+6 4
+11 4
+6 2
+1 2
-1 6
+1 6
+1 4
+20 82
+2 36
+4 8
+1 6
+13 2
+1 2
-1 2
+1 2
-1 2
+1 2
-2 2
+4 6
+5 1
+1 1
-13 4
cfi=(14)
cfn=(32)
calls=1 24 
* 25
* 8
cfi=(14)
cfn=(32)
calls=2 24 
* 60
* 6
+16 2
+3 1
+1 3
+1 1
-1 1
-1 1
+3 3
+1 5
+5 4
+23 54
1804 2
+7 4
cfi=(14)
cfn=(32)
calls=1 24 
* 24
* 2

fl=(42) /build/glibc-bDJTDn/glibc-2.24/elf/dl-version.c
fn=(156) _dl_check_map_versions
174 32
+15 12
+2 4
+3 16
-3 4
+2 4
+1 4
+2 4
-3 4
+3 4
+3 4
+4 2
-4 2
+4 8
+17 2
56 2
220 2
56 2
220 2
56 10
+1 5
-1 10
+2 21
cfi=(32)
cfn=(108)
calls=7 288 
* 801
* 14
228 6
+5 8
+4 6
+2 2
-2 14
-4 1
+4 3
+2 1
-2 16
cfn=(158) match_symbol
calls=1 76 
* 75
* 8
cfn=(158)
calls=2 76 
* 229
* 3
+7 18
+3 9
+9 8
+14 4
+3 8
+10 29
-7 116
+3 87
-3 8
+3 6
+8 6
+87 36
-81 12
cfi=(17)
cfn=(38) calloc
calls=3 101 
* 96
* 3
+1 3
-2 3
+2 3
+11 3
+2 3
-5 3
+3 3
+2 3
-2 3
+2 3
+3 8
+4 6
+18 1
-15 3
+2 3
-2 6
+2 6
+2 3
+1 3
-1 6
+1 3
-1 3
+1 3
+1 3
-2 3
+2 6
+1 9
+3 9
+8 6
+10 9
+3 8
+20 29
-14 62
-2 29
+6 29
+1 29
+1 29
-1 87
+1 29
-1 29
+1 29
+1 29
+3 95
183 2
-8 2
+95 5

fn=(158)
76 33
+9 3
-8 3
-1 6
+1 3
+8 3
+6 9
+15 3
+1 6
+2 3
+5 6
+14 20
+12 21
+4 7
-30 14
+16 3
+3 12
cfi=(19)
cfn=(56)
calls=3 +11 
* 119
* 6
+35 24

fn=(154) _dl_check_all_versions
380 5
+4 7
+2 28
cfn=(156)
calls=4 174 
* 2444
-2 4
+2 12
-1 4
-1 8
+5 7

fl=(2)
fn=(152) version_check_doit
513 2
+2 4
cfi=(42)
cfn=(154)
calls=1 380 
* 2519
* 2
+4 2

fn=(52)
688 10

fn=(2) _dl_start
337 9
+18 4
fi=(3)
45 1
fe=(2)
355 1
fi=(5) /build/glibc-bDJTDn/glibc-2.24/elf/../sysdeps/x86_64/dl-machine.h
59 3
fi=(3)
-14 1
fe=(2)
381 1
-3 1
fi=(3)
45 1
+25 2
-3 1
-19 1
+12 1
+5 1
+5 1
-2 1
-1 1
-3 2
-3 16
+10 4
-26 12
+16 13
+10 13
-26 39
+26 1
-26 3
+2 36
+13 20
+2 4
+16 2
+20 4
+1 4
+1 4
+1 4
+2 4
+5 4
+1 4
+1 4
+6 3
+5 2
+7 3
+1 3
+8 3
+2 3
+3 2
+1 2
fe=(2)
392 2
286 1
399 1
286 1
cfi=(6)
cfn=(10)
calls=1 959 
* 23
+1 2
+1 2
+1 2
+1 2
+8 1
+9 1
-9 3
+9 1
-6 1
-3 1
+9 1
cfi=(7) /build/glibc-bDJTDn/glibc-2.24/elf/../elf/dl-sysdep.c
cfn=(12) _dl_sysdep_start
calls=1 86 
* 92841
* 1
+9 4
+3 1
+4 1
-4 1
+4 1
424 9
fi=(3)
65 4
fe=(2)
397 1
fi=(5)
79 1
fe=(2)
397 25
fi=(4) /build/glibc-bDJTDn/glibc-2.24/elf/do-rel.h
84 1
+27 1
-28 1
+28 2
+1 2
fi=(5)
541 2
fi=(4)
112 18
fi=(5)
541 18
+1 20
fi=(4)
111 20
fi=(5)
542 10
fi=(4)
111 10
+5 2
+8 1
fi=(5)
336 1
+87 1
fi=(4)
124 2
+12 1
+3 2
-3 1
fi=(5)
290 1
fi=(4)
136 1
fi=(5)
318 1
fi=(4)
137 2
fi=(5)
318 1
fi=(4)
136 5
+3 10
-3 5
fi=(5)
290 5
fi=(4)
136 5
fi=(5)
318 5
fi=(4)
137 10
fi=(5)
318 5
+9 12
+3 6
-3 12
+3 18
+6 36
fi=(3)
68 4
+1 1
+1 2
fi=(4)
+54 19
fi=(5)
355 18
fe=(2)

fn=(54)
694 10

fn=(104) map_doit
480 1
+2 1
-2 1
+3 2
-1 3
+1 3
cfi=(22)
cfn=(106)
calls=1 2167 
* 2266
* 1
+2 2

fn=(28) dl_main
738 1
+19 1
-19 7
2353 1
738 3
+19 1
+3 1
2353 1
738 1
+22 1
+4 1
2348 1
764 1
+1 1
2353 1
765 1
+5 2
2346 2
+7 2
-4 1
+4 5
+2 2
cfi=(13) /build/glibc-bDJTDn/glibc-2.24/elf/dl-environ.c
cfn=(30) _dl_next_ld_env_entry
calls=1 30 
* 94
* 4
cfi=(13)
cfn=(30)
calls=2 30 
* 296
* 9
+4 50
+1 19
-1 57
+3 4
+6 14
2514 3
+30 3
780 3
981 7
cfi=(15)
cfn=(34)
calls=1 61 
* 241
+2 1
-2 1
+2 1
+1 1
+1 1
+5 2
-5 1
+1 2
+4 1
cfi=(15)
cfn=(50)
calls=1 32 
* 33
+1 3
747 1
1020 1
-3 1
-5 1
+1 1
+2 1
+5 5
+56 3
-37 1
+22 1
+15 2
-55 24
-1 27
+1 47
1123 5
+3 2
+2 2
+2 2
+13 3
+1 8
cfi=(19)
cfn=(56)
calls=1 144 
* 50
* 2
+10 1
-3 1
-2 1
+3 1
+2 2
+1 2
+4 2
+2 2
fi=(3)
30 1
+9 2
+6 1
-2 1
+2 2
+15 1
+5 1
+3 1
+2 1
-3 1
-3 1
-3 22
+10 5
-26 15
+16 19
+10 19
-26 57
+26 1
-26 3
+2 50
+13 24
+2 4
+16 3
+20 3
+1 4
+1 4
+1 4
+2 4
+5 4
+1 4
+1 4
+6 3
+5 2
+7 2
+1 3
+16 3
+14 3
+10 1
-8 3
+8 1
+5 2
+3 2
fe=(2)
1166 2
cfi=(6)
cfn=(10)
calls=1 959 
* 23
+3 2
fi=(20) /build/glibc-bDJTDn/glibc-2.24/elf/setup-vdso.h
24 2
fe=(2)
1191 1
cfi=(9) /build/glibc-bDJTDn/glibc-2.24/elf/../sysdeps/unix/sysv/linux/dl-sysdep.c
cfn=(62) _dl_discover_osversion
calls=1 45 
* 86
* 8
1025 3
+1 1
+90 2
+1 2
+1 1
-6 2
+1 1
-37 2
-1 2
+1 4
-1 2
+2 4
+1 1
+3 2
+1 2
-1 2
+1 2
+1 2
+1 6
+1 2
-45 3
+9 1
-7 1
+25 1
-28 1
+10 1
-19 3
+1 1
2442 4
cfi=(14)
cfn=(32)
calls=1 24 
* 31
* 2
+2 3
-55 4
cfi=(14)
cfn=(32)
calls=1 24 
* 18
* 2
fi=(3)
65 4
+3 4
+1 1
+1 3
fe=(2)
2396 4
cfi=(14)
cfn=(32)
calls=1 24 
* 36
* 2
+2 3
1196 2
cfi=(22)
cfn=(66)
calls=1 661 
* 1507
+3 3
cfi=(28)
cfn=(90)
calls=1 50 
* 17
+7 1
-7 1
+2 1
+5 1
+3 3
+1 1
+3 1
-3 3
+1 2
+3 1
+5 1
-7 1
+7 1
+1 5
+17 2
+1 2
+5 1
-3 3
+2 1
+1 3
+5 3
+1 5
+2 2
+1 2
+5 2
+5 1
753 1
1262 2
1439 1
cfi=(29)
cfn=(92) _dl_count_modids
calls=1 115 
* 4
* 1
+8 3
+3 1
+4 3
+5 1
+1 1
cfi=(28)
cfn=(94) _dl_debug_state
calls=1 74 
* 1
+5 3
+15 3
+4 1
-2 1
+2 2
+31 3
cfi=(24)
cfn=(70)
calls=1 84 
* 9
* 2
+77 1
1481 1
1592 3
+17 3
+1 1
-1 1
+1 2
-1 1
+1 5
cfi=(39) /build/glibc-bDJTDn/glibc-2.24/elf/dl-deps.c
cfn=(134) _dl_map_object_deps
calls=1 161 
* 6833
+1 1
+5 1
-5 3
+2 2
+3 6
+1 3
-1 2
+1 9
-1 6
+4 3
+1 3
+1 1
+2 2
+1 6
-1 5
+1 7
-1 3
-28 5
+1 1
-1 3
+4 3
+1 1
+1 2
+1 3
+35 1
-1 1
+1 1
-1 1
+1 1
+2 1
+2 3
+2 1
-4 1
+5 1
-1 2
+14 2
+1 2
+1 3
+11 1
+2 1
-2 1
+2 2
-1 1
+1 1
-2 3
+2 1
cfi=(30) /build/glibc-bDJTDn/glibc-2.24/elf/dl-error.c
cfn=(150) _dl_receive_error
calls=1 205 
* 2559
+10 1
+1 1
-1 1
+1 1
+1 1
cfn=(160) init_tls
calls=1 573 
* 615
* 1
+2 2
703 1
fi=(101) /build/glibc-bDJTDn/glibc-2.24/elf/../sysdeps/unix/sysv/linux/dl-osinfo.h
64 2
fe=(2)
705 1
fi=(101)
77 1
fe=(2)
714 1
+7 1
-5 1
1692 3
1922 3
2092 4
+2 1
+5 3
cfi=(29)
cfn=(210) _dl_allocate_tls_init
calls=1 449 
* 138
+3 2
-59 3
+7 1
+2 7
+2 1
+2 12
+5 8
+2 8
+6 4
+2 8
+1 24
cfi=(43) /build/glibc-bDJTDn/glibc-2.24/elf/dl-reloc.c
cfn=(168) _dl_relocate_object
calls=3 149 
* 70877
+4 14
-22 10
+25 4
+2 2
+6 1
-6 1
+6 1
-10 2
cfi=(29)
cfn=(208) _dl_add_to_slotinfo
calls=1 890 
* 20
* 1
-12 1
+1 1
-3 2
+48 3
+2 4
+15 1
+2 1
-2 2
+3 1
-3 1
+3 1
-3 1
+3 3
cfi=(43)
cfn=(168)
calls=1 149 
* 4062
+1 4
+2 2
+8 1
cfi=(7)
cfn=(212) _dl_sysdep_start_cleanup
calls=1 256 
* 1
+4 3
+20 3
cfi=(28)
cfn=(90)
calls=1 50 
* 8
+1 1
+1 1
cfi=(28)
cfn=(94)
calls=1 74 
* 1
+5 1
cfi=(41)
cfn=(214) _dl_unload_cache
calls=1 322 
* 15
+5 8
1978 1
+11 1
-7 1
-4 1
+4 3
+4 2
+3 1
1635 2
1491 2
cfi=(11)
cfn=(24)
calls=1 66 
* 34
* 8
cfi=(18)
cfn=(48)
calls=1 131 
* 18
* 1
+3 6
+3 3
cfi=(17)
cfn=(80)
calls=1 352 
* 908
* 3
cfi=(17)
cfn=(80)
calls=1 352 
* 7
* 6
+1 2
+1 3
+2 4
cfn=(96) do_preload
calls=1 654 
* 2369
* 2
+2 1
+2 2
-2 3
+2 3
1185 5

fn=(160)
573 1
+6 1
-6 1
+2 2
+4 1
+10 4
cfi=(17)
cfn=(38)
calls=1 101 
* 32
* 1
+11 1
-15 1
+3 1
+6 1
+2 1
-11 1
+15 1
+2 1
-1 1
+1 10
+2 8
+4 1
+2 1
-2 2
-5 8
+9 3
+3 1
cfi=(29)
cfn=(162) _dl_determine_tlsoffset
calls=1 144 
* 66
+7 1
cfi=(29)
cfn=(164) _dl_allocate_tls_storage
calls=1 354 
* 446
+1 1
-1 1
+1 1
+6 1
+3 1
-3 1
+3 6
+3 1
+3 3

fn=(96)
654 4
+12 1
-12 2
+10 1
-4 1
+1 1
+5 4
-10 1
+6 1
+4 1
cfi=(30)
cfn=(98) _dl_catch_error
calls=1 163 
* 2341
+1 3
+8 3
+6 5

fn=(100) _dl_initial_error_catch_tsd
648 8

fl=(21) /build/glibc-bDJTDn/glibc-2.24/posix/../sysdeps/unix/syscall-template.S
fn=(64) uname
84 4
+1 1

fl=(30)
fn=(98)
163 6
+15 3
-3 6
+1 6
-13 6
+14 6
+1 3
+2 3
cfi=(2)
cfn=(100)
calls=3 648 
* 6
+2 3
-1 3
+4 3
-3 6
+3 3
-4 3
+4 3
cfi=(31)
cfn=(102)
calls=3 26 
* 57
* 9
+2 9
cfi=(39)
cfn=(136) openaux
calls=2 60 
* 5373
cfi=(2)
cfn=(104)
calls=1 480 
* 2280
+1 6
+2 3
+1 3
-3 3
+1 6
+1 3
+9 3
-8 3
+8 9

fn=(150)
205 10
+1 1
cfi=(2)
cfn=(100)
calls=1 648 
* 2
+5 1
-1 1
-4 1
+9 1
+2 1
-3 1
+3 1
cfi=(2)
cfn=(152)
calls=1 513 
* 2529
+2 1
+1 1
+1 8

fl=(82) /build/glibc-bDJTDn/glibc-2.24/elf/dl-open.c
fn=(334) _dl_find_dso_for_object
182 5
+1 4
+1 12
+1 2
+3 2
+4 1
-9 6

fl=(43)
fn=(206) _dl_protect_relro
313 4
+1 4
-1 4
+1 16
+3 4
-3 4
+3 8
+4 8
+1 12
cfi=(36)
cfn=(124)
calls=4 84 
* 20
* 8
+6 8

fn=(168)
149 40
+15 4
-15 8
+15 4
+1 24
+6 8
+6 12
-18 8
+22 8
+7 4
-32 4
+32 4
+44 4
fi=(5)
79 12
fe=(43)
232 8
fi=(5)
79 12
+6 6
+4 9
+14 3
-8 3
+10 3
-2 6
+20 6
+9 6
+17 12
fe=(43)
259 163
fi=(5)
+66 6
fe=(43)
160 9
fi=(5)
325 12
fe=(43)
160 3
fi=(5)
325 9
fi=(4)
47 3
+11 3
-12 3
+2 3
-1 3
+11 3
fi=(5)
325 2
fe=(43)
160 3
fi=(5)
325 4
fe=(43)
160 1
fi=(5)
325 3
fi=(4)
47 1
+11 1
-12 1
+2 1
-1 1
+11 1
-11 4
+11 4
-12 4
+2 4
-1 4
+11 4
+3 18
fi=(5)
552 24
+4 24
+2 36
+1 12
fi=(4)
61 57
+2 80
+2 26
-4 3
+13 6
+1 28
+1 16
fi=(5)
576 16
+1 8
-25 8
+25 16
+1 8
cob=(3)
cfi=(52) /build/glibc-bDJTDn/glibc-2.24/string/../sysdeps/x86_64/multiarch/memmove.S
cfn=(204) memmove
calls=1 29 
* 15
cob=(3)
cfi=(51) /build/glibc-bDJTDn/glibc-2.24/time/../sysdeps/unix/sysv/linux/x86/gettimeofday.c
cfn=(200) gettimeofday
calls=1 37 
* 66
cob=(3)
cfi=(50) /build/glibc-bDJTDn/glibc-2.24/string/../sysdeps/x86_64/multiarch/strspn.S
cfn=(198) strspn
calls=1 30 
* 6
cob=(3)
cfi=(49) /build/glibc-bDJTDn/glibc-2.24/string/../sysdeps/x86_64/multiarch/strcspn.S
cfn=(196) strpbrk
calls=1 45 
* 6
cob=(3)
cfi=(45) /build/glibc-bDJTDn/glibc-2.24/string/../sysdeps/x86_64/multiarch/strcmp.S
cfn=(194) strncasecmp
calls=1 129 
* 10
cob=(3)
cfi=(49)
cfn=(192) strcspn
calls=1 45 
* 6
cob=(3)
cfi=(46) /build/glibc-bDJTDn/glibc-2.24/time/../sysdeps/unix/sysv/linux/x86/time.c
cfn=(186) time
calls=1 38 
* 66
cob=(3)
cfi=(45)
cfn=(184) strcasecmp
calls=1 109 
* 10
* 16
+1 32
fe=(43)
259 16
+3 16
+24 4
+3 8
+17 8
+1 8
cfn=(206)
calls=4 +6 
* 100
+1 32
fi=(4)
84 5
+2 10
+12 5
-15 5
+15 5
-15 5
+15 5
+10 6
+3 9
fi=(5)
536 3
fi=(4)
112 6
fi=(5)
536 1197
fi=(4)
112 2382
fi=(5)
536 2382
+5 2388
+1 2388
fi=(4)
111 2388
fi=(5)
542 1194
fi=(4)
111 1194
+7 15
+6 4
-3 8
+3 10
fi=(5)
492 9
fi=(4)
127 388
+9 194
+3 97
-3 97
+3 97
fi=(5)
293 97
fi=(4)
138 97
-2 97
+1 388
fi=(5)
293 97
+21 194
+4 194
+7 388
fi=(44) /build/glibc-bDJTDn/glibc-2.24/elf/../sysdeps/generic/ldsodefs.h
102 249
fi=(5)
325 1656
fi=(4)
138 80
fi=(5)
325 160
fi=(4)
138 80
fi=(5)
325 80
fi=(4)
138 80
fi=(5)
325 1280
cfi=(6)
cfn=(176) _dl_lookup_symbol_x
calls=80 810 
* 45546
* 640
+2 249
+3 92
-3 184
+3 276
+6 582
fe=(43)
178 8
fi=(5)
431 42
+4 70
+5 42
+9 28
fi=(4)
124 42
fi=(5)
440 83
+9 166
fi=(4)
124 255
+19 6
fi=(5)
325 54
fe=(43)
-66 3
fi=(5)
+66 69
145 9
fi=(4)
+15 7
+2 24
+8 12
+1 6
-1 6
+1 6
fi=(5)
293 6
fi=(4)
170 18
fi=(5)
293 6
+21 12
+4 12
+7 24
fi=(44)
102 18
fi=(5)
325 210
cfi=(6)
cfn=(176)
calls=6 810 
* 2937
* 48
+2 18
+3 1
-3 2
+3 3
+6 36
440 6
+9 12
fi=(4)
160 20
+14 2
fi=(5)
325 36
fe=(43)

fl=(11)
fn=(24)
66 14
+1 14
+1 14
+1 14
+1 14
+1 14
+1 14
+2 14
+2 14
+30 13
+1 13
+1 13
+1 13
+1 13
+1 6
+1 6
+4 7
+1 7
+1 7
+1 7
+1 7
+1 7
+1 7
+1 7
+1 7
+1 7
+1 7
+1 7
+5 56
+4 1
+1 14
+1 8

fl=(13)
fn=(30)
30 3
+3 10
+13 58
-13 174
+2 120
+1 16
+5 2
-3 2
+3 2
+2 2
+7 1

fl=(29)
fn=(92)
115 2
+1 2

fn=(208)
890 4
+9 1
-3 2
+8 3
+42 3
-1 1
+1 2
+1 4

fn=(164)
354 3
+2 1
+11 3
cfi=(17)
cfn=(46) __libc_memalign
calls=1 53 
* 77
* 1
+1 2
+7 2
+4 297
+11 2
cfn=(166) allocate_dtv
calls=1 -76 
* 52
+1 2
+5 4

fn=(210)
449 7
+1 1
-1 1
+1 1
+4 3
+6 3
+12 1
-15 1
-1 2
+21 6
+6 17
+3 1
+1 2
+6 3
+3 1
-2 2
+2 4
+1 1
+3 2
-1 2
+4 2
+1 4
+2 2
+9 1
-8 1
+8 1
-8 2
+8 1
cfi=(18)
cfn=(72)
calls=1 117 
* 12
* 4
cfi=(38)
cfn=(128)
calls=1 91 
* 33
-38 3
+52 2
+3 9

fn=(166)
314 3
+8 1
-8 1
+7 2
+1 2
cfi=(17)
cfn=(38)
calls=1 101 
* 32
* 1
+1 2
+9 1
-6 2
+6 1
+6 4

fn=(148)
52 4
+48 2

fn=(162)
144 1
-6 5
+6 2
+3 2
+36 3
+2 10
+3 1
-1 1
+5 2
-4 1
-1 2
+3 2
+2 3
+16 2
+3 2
-3 5
+2 2
+10 1
-37 2
+25 1
-25 7
+40 1
+1 1
+52 1
-1 1
+1 5

fl=(70) /build/glibc-bDJTDn/glibc-2.24/elf/../sysdeps/x86_64/dl-trampoline.h
fn=(294) _dl_runtime_resolve_sse
163 4
+3 4
+2 4
+2 4
+3 4
+1 4
+1 4
+1 4
+1 4
+1 4
+1 4
+1 4
+1 4
+1 4
+1 4
+1 4
+1 4
+1 4
+1 4
+5 4
+1 4
+1 4
+1 4
+14 4
+1 4
+1 4
cfi=(71) /build/glibc-bDJTDn/glibc-2.24/elf/../elf/dl-runtime.c
cfn=(296) _dl_fixup
calls=4 66 
* 3299
+1 4
+5 4
+1 4
+1 4
+1 4
+13 4
+1 4
+1 4
+1 4
+1 4
+1 4
+1 4
+1 4
+1 4
+1 4
+1 4
+1 4
+1 4
+1 4
+1 4
+2 4
+2 4
+4 4
+3 4
cob=(3)
cfi=(78)
cfn=(422) free
calls=1 2951 
* 88
cob=(3)
cfi=(92) /build/glibc-bDJTDn/glibc-2.24/libio/ioputs.c
cfn=(390) puts
calls=1 33 
* 1231
cob=(3)
cfi=(78)
cfn=(320)
calls=1 2914 
* 277
cob=(3)
cfi=(72) /build/glibc-bDJTDn/glibc-2.24/stdio-common/scanf.c
cfn=(300) scanf
calls=1 28 
* 60919

fn=(295) _dl_runtime_resolve_sse'2
163 1
+3 1
+2 1
+2 1
+3 1
+1 1
+1 1
+1 1
+1 1
+1 1
+1 1
+1 1
+1 1
+1 1
+1 1
+1 1
+1 1
+1 1
+1 1
+5 1
+1 1
+1 1
+1 1
+14 1
+1 1
+1 1
cfi=(71)
cfn=(296)
calls=1 66 
* 1083
+1 1
+5 1
+1 1
+1 1
+1 1
+13 1
+1 1
+1 1
+1 1
+1 1
+1 1
+1 1
+1 1
+1 1
+1 1
+1 1
+1 1
+1 1
+1 1
+1 1
+2 1
+2 1
+4 1
+3 1
cfi=(82)
cfn=(334)
calls=1 -76 
* 32

fl=(36)
fn=(216) munmap
84 4
+1 1

fn=(124)
84 24
+1 6

fl=(24)
fn=(112)
84 28
+1 3
+1 20

fn=(70)
84 12
+2 15

fn=(132)
84 12
+1 3

fn=(114)
84 8
+1 2

fl=(6)
fn=(178) do_lookup_x
355 637
+1 91
-1 455
+48 91
-30 91
-11 91
+41 455
-30 455
-7 182
+3 182
-3 396
+3 396
+4 578
+4 578
+4 578
+6 867
+8 289
-4 289
+1 289
+3 578
+1 867
+3 289
+1 578
+4 578
+3 289
-5 289
+5 1156
+3 2023
-99 208
557 1412
+1 54
cfi=(32)
cfn=(108)
calls=27 288 
* 2661
* 81
+3 624
+3 10
+1 728
-96 162
fi=(44)
102 243
fe=(6)
520 162
+3 604
+4 33
+12 162
+1 81
+1 162
414 340
-1 170
+2 170
+2 1105
+13 255
-10 830
+2 162
+1 405
-1 81
+2 81
-1 162
+1 81
-1 243
-1 81
+1 243
cfn=(180) check_match
calls=81 92 
* 7020
+4 243
+34 8
267 28
439 729

fn=(180)
92 648
+3 567
+12 486
+3 392
cfi=(19)
cfn=(56)
calls=17 +34 
* 711
* 34
+5 81
-1 81
+1 81
+2 160
+19 160
+1 640
+46 81
-7 81
+7 405
-18 2
+2 2
+1 1
-1 2
+1 3
-1 2
-29 240
cfi=(19)
cfn=(56)
calls=80 +6 
* 1920
* 240

fn=(10)
959 12
+4 4
+4 8
+2 4
-1 4
+3 12
+1 4
+1 4
+3 4
-3 4
+7 4
-4 4
-1 4
+3 4
+2 4
-7 4
+7 8

fn=(176)
810 910
572 91
810 455
572 455
+1 91
-1 91
+1 273
-1 273
+1 1193
-1 1193
+1 3579
-1 3670
812 91
+4 91
+4 91
-8 91
+1 182
+7 251
+7 91
-2 91
+2 91
-2 91
+6 91
-7 91
+7 182
-7 819
+15 10
-8 50
+2 1183
cfn=(178)
calls=91 355 
* 33461
+3 273
+26 273
+21 81
+1 567
+31 81
+9 324
+14 243
+3 324
+5 81
+2 819
-84 70
+15 10
+1 20
+59 2

fl=(32)
fn=(108)
288 205
+1 82
cfi=(19)
cfn=(56)
calls=41 144 
* 1524
* 41
+1 41
-1 41
+3 41
+2 82
+4 42
-4 84
+1 135
cfi=(19)
cfn=(56)
calls=45 144 
* 1741
* 90
-5 3
+11 53
-1 38
+1 152

fn=(144) _dl_sysdep_read_whole_file
45 2
+7 1
-7 3
+7 1
-7 3
+7 1
cfi=(24)
cfn=(112)
calls=1 +32 
* 5
+1 2
+2 5
cfi=(34)
cfn=(120)
calls=1 -21 
* 9
* 2
+2 1
+3 1
-3 1
+3 1
+13 2
cfi=(24)
cfn=(132)
calls=1 +11 
* 5
+3 7
-14 6
cfi=(25)
cfn=(74)
calls=1 -29 
* 33
* 2

fl=(18)
fn=(72)
117 17
+1 17
+1 17
+14 17
+1 17
+1 3
+1 3
+5 2
+1 2
+1 2
+1 2
+5 2
260 14
+1 14
+1 7
+1 7
+1 4
+1 4
+1 3
+1 2
+1 2
+2 3
+22 7
+1 7
+1 7
+1 7
+1 7
+3 3
+1 3
+1 3
+1 3
+1 3
+3 1
+1 1
+1 1
+1 1
+1 1
+10 1
+1 1
+1 1
+1 1
+22 1
+1 1
+1 1
+1 1
+1 1
+1 1
+1 1
+1 1
+2 1

fn=(48)
131 14
+2 14
+1 14
+1 8
+1 8
+5 5
+1 5
+1 5
+1 5
+5 5
260 6
+1 6
+1 1
+1 1
+1 1
+1 1
+1 1
+1 1
+1 1
+2 1
+22 5
+1 5
+1 5
+1 5
+1 5
+24 3
+1 3
+1 3
+1 3
+22 3
+1 3
+1 3
+1 3
+1 3
+1 3
+1 3
+1 3
+2 3

fl=(40)
fn=(140)
34 4
-1 4
+1 4
+1 24
+4 1
-4 12

fl=(38)
fn=(128)
91 45
+2 9
+1 9
+1 2
+1 2
+53 2
+1 2
+10 2
+1 2
+1 2
+1 2
+1 2
+1 2
+1 2
+1 2
+1 2
+1 2
+1 2
+1 2
+1 2
+1 2
+2 36
+1 36
+1 36
+1 36
+1 36
+1 36
+1 36
+1 2
+15 7
+1 7
+1 7
+1 4
+1 4
+1 2
+1 2
+24 3
+1 3
+2 3
+3 2
+1 2
+2 2
+3 2
+1 2
+2 2

fl=(39)
fn=(136)
60 4
+7 2
-4 2
+2 2
-2 4
+2 2
-2 2
+2 4
-2 4
cfi=(22)
cfn=(106)
calls=2 2167 
* 5341
* 2
+5 4

fn=(134)
161 1
-1 1
+1 1
-1 4
+1 1
-1 2
+1 1
-1 2
+1 1
-1 2
+1 1
-9 1
+9 2
-15 1
+6 3
+26 1
-17 1
-17 1
+1 1
+1 1
+6 1
+26 4
-32 1
+33 1
-35 3
+2 2
-1 1
+1 2
+6 3
+26 1
-26 1
+26 5
+4 1
+21 1
+1 1
-22 2
+19 1
-12 1
+15 1
-16 2
+13 1
317 6
217 1
-4 1
+4 1
-4 1
+4 4
-4 3
+4 3
-4 3
+4 3
+12 8
+2 2
+11 2
-5 2
-6 4
+5 2
+2 4
+1 4
+3 12
+75 6
-25 4
+1 4
-51 200
+1 100
+6 10
cfi=(26)
cfn=(76)
calls=2 24 
* 70
* 4
+5 10
-3 2
+3 2
cfi=(30)
cfn=(98)
calls=2 -91 
* 5495
+2 6
+15 2
+2 4
+5 2
+6 2
+2 2
-8 4
+3 2
+1 2
+1 2
+1 2
+4 12
+7 144
459 8
+2 6
+3 4
-1 2
cfi=(17)
cfn=(42)
calls=2 92 
* 46
* 2
+2 2
-2 2
+2 2
+4 8
-1 2
+1 2
cfi=(18)
cfn=(48)
calls=2 131 
* 20
+1 12
cfi=(18)
cfn=(48)
calls=2 131 
* 20
+4 2
-1 2
+5 24
+3 9
-1 4
+1 8
+4 2
202 1
485 2
+4 5
+11 3
-1 1
cfi=(17)
cfn=(42)
calls=1 92 
* 23
* 1
+3 1
-3 1
+3 1
+5 1
+3 2
-3 5
+1 1
+2 2
+6 16
+4 4
-10 12
+2 12
+11 3
+51 3
+2 4
+42 1
-4 1
+5 2
-1 4
+1 2
cfi=(38)
cfn=(128)
calls=1 91 
* 13
* 1
-2 10
+7 1
+6 1
-7 1
+1 1
+6 1
-7 3
+7 1
-13 4
+7 2
+6 2
-7 2
+1 2
+6 2
-7 6
+7 4
+2 8
+1 4
-1 4
+1 2
+2 9
+1 6
+28 18
cfi=(38)
cfn=(128)
calls=2 91 
* 32
* 12
485 3
+1 2
658 3
-28 6
+31 10
-6 2
+16 2
+2 1
+1 1
-1 1
+2 3
+7 3
+3 3
+3 8
229 8
-19 4
+8 25
+2 2
+2 6
+2 28
338 12
611 8
cfi=(18)
cfn=(48)
calls=1 131 
* 10
+2 1
-38 1
+38 1

fl=(9)
fn=(62)
45 7
+2 4
+85 8
-45 3
cfi=(21)
cfn=(64)
calls=1 -3 
* 5
* 1
+15 1
-15 1
+20 1
-1 1
+3 12
+4 3
-2 6
+2 9
+7 3
-1 3
+4 3
-2 3
+2 10
+5 2

fl=(53) /build/glibc-bDJTDn/glibc-2.24/elf/dl-init.c
fn=(222) call_init.part.0
36 4
+3 4
-3 8
+3 12
-11 21
+16 15
+5 4
+9 12
cob=(3)
cfi=(55) /build/glibc-bDJTDn/glibc-2.24/csu/../csu/init-first.c
cfn=(236) _init
calls=1 -6 
* 176
cob=(2)
cfi=(16)
cfn=(224)
calls=1 -58 
* 6
* 2
+4 4
+6 2
+2 4
-2 4
+3 10
+1 8
cob=(3)
cfi=(61) /build/glibc-bDJTDn/glibc-2.24/string/../sysdeps/x86/cacheinfo.c
cfn=(248) init_cacheinfo
calls=1 481 
* 2345
cob=(4)
cfi=(54)
cfn=(228) 0x0000000000000680
calls=1 -72 
* 17
* 2
-1 4
+3 18
-29 3
-5 2
+34 1

fn=(220) _dl_init
80 11
+1 1
+1 1
+3 3
+8 2
+1 2
+25 15
+1 12
-90 20
cfn=(222)
calls=3 +6 
* 2612
* 3
+96 8
-96 2
+58 2
+16 1
cfn=(222)
calls=1 -68 
* 76
* 1

fl=(17)
fn=(80)
352 12
+2 4
+1 8
+4 193
+7 488
-2 244
+13 2
+4 4
-7 61
-15 187

fn=(88)
118 1
+2 3
+7 2

fn=(46)
53 87
+11 21
+1 21
-1 21
+3 21
-3 21
+3 42
-3 1
+1 1
-1 1
+3 1
-3 1
+3 82
-15 6
+20 8
+1 4
+2 2
+1 16
cfi=(25)
cfn=(74)
calls=2 -43 
* 66
+2 10
+4 6
+3 2
+1 2
+2 10
-2 20
-1 20
+3 40
-29 1
-1 1
+1 1
+1 2
-2 2

fn=(38)
101 8
+8 8
-1 16
-3 8
+4 16
+3 8
cfn=(42)
calls=8 -20 
* 190
* 8

fn=(42)
92 21
+1 42
cfn=(46)
calls=21 -40 
* 463
* 21

fl=(7)
fn=(212)
256 1

fn=(12)
86 8
+25 1
-1 1
+1 189
+6 1
-3 1
+1 1
-4 1
+3 1
+3 4
+1 2
-1 25
+1 105
-1 102
+62 1
+1 1
-1 1
+1 1
-29 1
+1 2
+11 1
+1 1
-1 1
+1 1
-7 1
+1 1
-1 1
+1 1
-4 1
+1 2
-25 1
+1 2
-4 1
+1 2
-7 1
+1 1
+2 1
+1 1
fi=(9)
-90 2
cfi=(10) /build/glibc-bDJTDn/glibc-2.24/elf/../sysdeps/unix/sysv/linux/x86_64/brk.c
cfn=(18) brk
calls=1 -4 
* 11
fi=(5)
243 5
fi=(8) /build/glibc-bDJTDn/glibc-2.24/elf/../sysdeps/x86/cpu-features.c
113 1
-13 1
+1 1
+12 1
+3 1
-3 1
-11 1
+14 7
276 3
+1 1
+3 2
+1 1
+13 2
fe=(7)
-63 1
fi=(8)
+74 1
+1 1
+1 1
fe=(7)
-76 2
+1 1
cfi=(11)
cfn=(24)
calls=1 66 
* 32
* 1
+2 2
cfi=(12) /build/glibc-bDJTDn/glibc-2.24/elf/../misc/sbrk.c
cfn=(26) sbrk
calls=1 34 
* 17
* 3
+12 3
+3 5
cfi=(2)
cfn=(28)
calls=1 738 
* 92158
+2 9
fi=(8)
+43 4
+1 5
+1 2
122 5
cfn=(22) get_common_indeces.constprop.1
calls=1 -94 
* 42
+3 3
+86 4
+5 2
+1 1
-1 1
+1 1
+7 1
120 2
297 4
128 2
-1 1
+1 1
+1 7
+70 3
-64 2
fe=(7)

fl=(15)
fn=(34)
61 33
+1 3
-1 6
+1 3
cfi=(11)
cfn=(24)
calls=3 +4 
* 66
+6 3
-6 12
+6 12
+1 21
+6 15
cfi=(17)
cfn=(38)
calls=3 +26 
* 102
* 3
+3 3
-3 3
+3 3
+4 3
+5 6
-6 3
+1 6
+5 3
-1 3
+1 3
-1 3
+1 3
cfi=(18)
cfn=(48)
calls=3 +44 
* 41
+10 3
-10 3
+11 3
-1 3
-10 3
+10 3
-8 3
+8 6
+1 3
-1 3
+1 9
+3 3
-3 3
+3 3
+9 3
-7 3
+4 3
+3 9
+2 2
-2 2
+2 30
-2 30
+12 3
+6 3
-5 3
-1 3
+6 15
+2 2
+3 2
-3 2
+3 2
-3 4
+7 6
+4 6
+8 1
+3 1
+3 2
-3 1
+3 1
-3 2
+3 4
-3 2
+3 2
+2 6
cfi=(11)
cfn=(24)
calls=2 -91 
* 68
+4 2
-4 8
+4 6
+64 2
+4 27
102 8
+39 6
+70 6
cfi=(18)
cfn=(72)
calls=2 -94 
* 32
* 42
+6 40
-1 40
+1 42
-1 2
+1 6
+5 4
-89 2
+32 4
cfi=(17)
cfn=(42)
calls=2 -73 
* 46
* 2
+1 2
-1 2
+1 6
-33 2

fn=(50)
32 15
+2 6
cfi=(2)
cfn=(52)
calls=3 688 
* 6
+2 3
-2 3
+2 19
+3 15
+2 2
+2 2
+4 2
+4 2
-4 4
+1 2
+4 4
-4 2
+1 2
+3 2
-3 2
+2 2
cfi=(2)
cfn=(54)
calls=2 694 
* 4
-4 1
+4 1
-4 2
+1 1
+4 2
-4 1
+1 1
+3 1
-3 1
+2 1
cfi=(2)
cfn=(54)
calls=1 694 
* 2
-5 2

fl=(34)
fn=(120)
34 6
+1 18
+4 3

fl=(19)
fn=(56)
144 189
+1 189
+2 189
+1 189
+21 189
+1 189
+1 144
+1 144
+1 120
+1 120
+1 120
+1 120
+21 120
+1 120
+1 120
+1 120
+1 120
+1 120
+1 120
+5 3
+1 3
+9 3
+1 3
+1 3
+1 3
+1 3
+1 3
+1 3
+1 3
-7 69
+1 69
+1 69
+1 69
+1 69
+1 69
+1 69
+1 69
+1 70
+1 6
+1 6
+1 6
+2 6
+1 6
+1 6
+1 6
+1 6
+1 6
-5 64
+1 64
+1 64
+1 64
+1 64
+1 64
+10 2
+1 2
+1 2
+2 2
+6 2
+1 2
+1 2
+1 2
+1 2
+5 2
+2 1
+1 1
+1 2
+8 1
+1 1
+3 1
+1 1
+1 1
+1 1
+1 1
+1 1
1196 5
+1 5
+1 5
+1 5
+1 5
+2 5
+1 5
+1 5
+1 5
+1 5
+1 5
+1 5
+1 1
+4 1
+1 1
+1 1
+6 1
+1 1
+1 2
+4 1
+1 1
+3 1
+1 1
+1 1
+3 1
+1 1
+1 1
+6 1
+1 1
+1 1
+1 1
+1 1
+1 1
+72 36
+1 36
+1 36
+1 36
+1 36
+2 36
+1 36
+1 36
+1 36
+1 36
+1 36
+1 36
+1 1
+4 1
+1 1
+1 1
+6 1
+1 1
+1 2
+4 1
+1 1
+3 1
+1 1
+1 1
+3 1
+1 1
+1 1
+6 1
+1 1
+1 1
+1 1
+1 1
+1 1
+72 1
+1 1
+1 1
+1 1
+1 1
+2 1
+1 1
+1 1
+1 1
+1 1
+1 1
+1 1
1571 1
+1 1
+1 1
+1 1
+1 1
+2 1
+1 1
+1 1
+1 1
+1 1
+1 1
+1 1
+1 1
+4 1
+1 1
+1 1
+6 1
+1 1
+1 2
+4 1
+1 1
+3 1
+1 1
+1 1
+3 1
+1 1
+1 1
+6 1
+1 1
+1 1
+1 1
+1 1
+1 1
+72 2
+1 2
+1 2
+1 2
+1 2
+2 2
+1 2
+1 2
+1 2
+1 2
+1 2
+1 2
+1 1
+4 1
+1 1
+1 1
+6 1
+1 1
+1 2
+4 1
+1 1
+3 1
+1 1
+1 1
+3 1
+1 1
+1 1
+6 1
+1 1
+1 1
+1 1
+1 1
+1 1
+72 4
+1 4
+1 4
+1 4
+1 4
+2 4
+1 4
+1 4
+1 4
+1 4
+1 4
+1 4
+1 2
+4 2
+1 2
+1 2
+6 2
+1 2
+1 4
+4 2
+1 2
+3 2
+1 2
+1 2
+3 2
+1 2
+1 2
+6 2
+1 2
+1 2
+1 2
+1 2
+1 2
+7 1
+1 1
+2 1
+1 1
+2 1
+1 1
+1 1
+3 1
+1 1
+1 1
+6 1
+1 1
+1 1
+1 1
+1 1
+1 1
+41 21
+1 21
+1 21
+1 21
+1 21
+2 21
+1 21
+1 21
+1 21
+1 21
+1 21
+1 21
+1 1
+4 1
+1 1
+1 1
+6 1
+1 1
+1 2
+4 1
+1 1
+3 1
+1 1
+1 1
+3 1
+1 1
+1 1
+6 1
+1 1
+1 1
+1 1
+1 1
+1 1
2200 8
+2 8
+1 8
+1 8
+1 8
-3 64
+1 64
+1 64
+1 64
+1 18
+5 6
+6 6
+1 6
+8 6
+1 6
-16 183
+6 183
+1 183
+8 183
+1 183

fl=(71)
fn=(296)
66 10
+6 10
-6 5
+3 10
+3 15
-4 5
+5 30
+1 5
-1 5
+1 10
+5 10
+4 10
+4 15
+4 10
+1 20
+2 20
+7 10
-1 5
+1 5
+10 45
cfi=(6)
cfn=(176)
calls=5 810 
* 4007
* 5
+4 25
+10 30
+16 5
-8 5
+8 15
+4 15
fi=(5)
259 5
fe=(71)
149 15

fl=(10)
fn=(18)
31 7
+8 1
-6 2
+7 1

fl=(27)
fn=(84)
40 12
+1 3
cfi=(11)
cfn=(24)
calls=3 +25 
* 84
* 3
+1 6
cfi=(17)
cfn=(42)
calls=3 +50 
* 69
* 3
+2 6
+4 3
-1 6
+1 6
-1 6
cfi=(18)
cfn=(48)
calls=3 +84 
* 38

fl=(28)
fn=(94)
74 2

fn=(90)
50 8
+5 6
+5 2
-1 1
+1 2
+1 2
-1 1
+4 1
-13 4
+4 8
+4 1
-1 1
+1 4

fl=(1) ???
fn=(0) 0x0000000000000ca0
0 2
cfi=(2)
cfn=(2)
calls=1 337 
0 93484
0 14
cfi=(53)
cfn=(220)
calls=1 80 
0 2772
0 3
cob=(5)
cfi=(63)
cfn=(258) _start
calls=1 0 
0 67078965

fl=(41)
fn=(146) _dl_cache_libcmp
139 33
+2 177
+2 8
+8 2
-2 4
+1 4
+1 8
+2 10
+2 4
cfn=(147) _dl_cache_libcmp'2
calls=2 -16 
* 12
+6 228
+2 114
+4 48
-28 48
+29 48
-29 96
+25 27

fn=(147)
139 6
+32 6

fn=(214)
322 4
-1 1
+3 2
cfi=(36)
cfn=(216)
calls=1 84 
* 5
+1 1
+2 2

fn=(142)
185 9
+8 2
+3 3
+51 3
+15 1
-6 1
+6 1
-6 1
+6 1
cfi=(24)
cfn=(70)
calls=1 84 
* 9
* 1
+4 1
-10 1
+6 1
+4 3
+15 135
cfn=(146)
calls=9 139 
* 656
* 75
cfn=(146)
calls=1 139 
* 71
* 5
cfn=(146)
calls=1 139 
* 144
* 7
-14 2
+14 7
-14 2
-1 3
+15 22
+16 2
+4 2
+8 3
cfi=(11)
cfn=(24)
calls=1 66 
* 34
* 2
+1 1
-1 4
+1 2
cfi=(18)
cfn=(48)
calls=1 131 
* 10
+1 2
cfi=(27)
cfn=(84)
calls=1 40 
* 85
+1 8
199 4
cfi=(32)
cfn=(144)
calls=1 45 
* 93
+8 1
-8 1
+8 4
+1 4
cfi=(14)
cfn=(32)
calls=1 24 
* 38
* 2
+7 1
-3 1
+3 3
+3 1
+1 2
-1 1
+1 1
+1 3
cfi=(14)
cfn=(32)
calls=1 24 
* 32
* 2
+61 3

fl=(8)
fn=(22)
28 1
-5 1
+5 3
+3 3
+4 1
-4 1
+4 1
-4 1
+3 1
+1 2
+1 4
+1 4
+1 3
+1 2
+7 2
+1 7
+7 3
+40 2

fl=(12)
fn=(26)
34 4
+8 6
+4 2
+16 5

ob=(5)
fl=(63)
fn=(266) __libc_csu_init
0 15
cob=(2)
cfi=(16)
cfn=(268)
calls=1 0 
0 6
0 8
cfn=(272) 0x00000000000007f0
calls=1 0 
0 17
0 11

fn=(258)
0 11
cob=(3)
cfi=(64) /build/glibc-bDJTDn/glibc-2.24/csu/../csu/libc-start.c
cfn=(260) (below main)
calls=1 134 
0 67078954

fn=(272)
0 17

fn=(440)
0 8
cob=(2)
cfi=(16)
cfn=(446)
calls=1 0 
0 52
0 1
cfn=(454) 0x0000000000000720
calls=1 0 
0 9
0 3

fn=(454)
0 9

fl=(69) /home/marcos/university/2ano/2sem/asa/projeto1/main.c
fn=(416) freeRow
118 120000
+2 120000
+1 119996
cfn=(417) freeRow'2
calls=29999 -3 
* 3091875
+2 90000
cob=(3)
cfi=(78)
cfn=(422)
calls=30000 2951 
* 2640000
* 30000
+1 90000

fn=(417)
118 120036
+2 120036
+1 40
cfn=(417)
calls=10 -3 
* 1030
+2 90027
cob=(3)
cfi=(78)
cfn=(422)
calls=30008 2951 
* 2640704
cob=(1)
cfi=(70)
cfn=(294)
calls=1 +40 
* 992
* 30013
+1 90027

fn=(376) initializeNodes
71 6
+2 2
+2 210000
cob=(3)
cfi=(78)
cfn=(320)
calls=30000 2914 
* 5911127
* 30000
* 30000
+1 240000
+1 210000
-4 120003
+6 1
+1 4

fn=(382) tarjanAlgorithm
126 12
+2 1
+1 1
+1 26
+1 26
+3 2
+1 120000
-1 120003
+3 16
cfn=(384) tarjanVisit
calls=1 +14 
* 3270289
* 2
+1 2
+1 2
+9 1
+1 8

fn=(414) sortFrees
109 5
+2 2
+2 240000
cfn=(416)
calls=30000 +5 
* 6301871
-2 120003
+4 3
cob=(3)
cfi=(78)
cfn=(422)
calls=1 2951 
* 58
* 1
+1 3

fn=(378) addNode
82 210063
+2 60018
cob=(3)
cfi=(78)
cfn=(320)
calls=30009 2914 
* 5912900
* 30009
* 30009
+1 120036
+1 300090
+2 210063
+1 270081
+1 30009
+1 60018

fn=(380) getStartingNode
93 4
+2 1
+2 2
+2 240000
+1 2
+1 1
-4 120003
+7 2
+2 1
+1 2

fn=(384)
151 9
+2 10
+2 3
+1 1
+2 9
+3 19
cfn=(385) tarjanVisit'2
calls=1 -10 
* 3270218
* 2
+1 7
+2 2
+1 2
-9 5
+26 2

fn=(385)
151 357543
+2 397270
+2 119181
+1 39727
+2 357543
+1 2
+2 754794
cfn=(385)
calls=39726 -10 
* 41543851516
* 79452
+1 278082
+2 79452
+1 46146
+1 33306
+3 49959
-13 231941
+16 99918
+1 149877
+2 66612
+3 33306
+3 16653
+1 79454

fn=(286) main
30 10
+3 6
cob=(1)
cfi=(70)
cfn=(294)
calls=1 163 
* 61776
* 5
+2 5
cob=(1)
cfi=(70)
cfn=(294)
calls=1 163 
* 1150
* 5
* 1
+1 5
cfn=(376)
calls=1 +35 
* 6751143
* 1
+2 26
+2 2
+3 180054
cob=(3)
cfi=(72)
cfn=(300)
calls=30009 -15 
* 41955511
* 30009
+1 180054
cfn=(378)
calls=30009 +38 
* 7233296
* 30009
-4 120039
+7 5
cfn=(380)
calls=1 +46 
* 360018
* 1
+2 2
+2 2
+4 5
cfn=(382)
calls=1 +71 
* 3510391
* 1
+2 2
+1 2
cob=(1)
cfi=(70)
cfn=(294)
calls=1 163 
* 2096
* 5
* 1
+5 5
cfn=(414)
calls=1 +46 
* 6661946
+1 2
+1 8

ob=(4)
fl=(54)
fn=(462)
0 8
cob=(2)
cfi=(16)
cfn=(468)
calls=1 0 
0 52
0 1
cfn=(472) 0x00000000000005b0
calls=1 0 
0 9
0 3

fn=(472)
0 9

fn=(228)
0 17

ob=(3)
fl=(52)
fn=(204)
29 1
+1 1
+1 1
+1 1
+1 1
+1 1
+9 1
+1 1
+1 1
+6 1
+1 1
+1 1
+1 1
+1 1
+10 1

fl=(92)
fn=(390)
33 6
+2 1
cfi=(93) /build/glibc-bDJTDn/glibc-2.24/string/../sysdeps/x86_64/strlen.S
cfn=(392) strlen
calls=1 +31 
* 32
+1 1
-1 1
+1 17
+3 4
+1 1
fi=(86) /build/glibc-bDJTDn/glibc-2.24/libio/libioP.h
936 3
+2 2
+1 2
fe=(92)
40 3
cfi=(75) /build/glibc-bDJTDn/glibc-2.24/libio/fileops.c
cfn=(394) _IO_file_xsputn@@GLIBC_2.2.5
calls=1 1295 
* 961
* 2
+1 4
+1 4
fi=(86)
862 2
+1 8
fe=(92)
46 7
-5 2
cfi=(74) /build/glibc-bDJTDn/glibc-2.24/libio/genops.c
cfn=(402) __overflow
calls=1 228 
* 166
* 2

fl=(81) /build/glibc-bDJTDn/glibc-2.24/elf/dl-addr.c
fn=(326) _dl_addr
127 9
+5 1
-5 2
+5 2
cob=(1)
cfi=(2)
cfn=(52)
calls=1 688 
* 2
+2 2
cob=(1)
cfi=(70)
cfn=(295)
calls=1 +29 
* 1165
* 5
+2 2
30 1
+1 1
-1 1
+1 1
+3 2
+5 1
+6 1
-7 1
+2 2
+2 1
-2 1
+2 1
+3 1
+5 8
+2 1
+1 2
-1 1010
+1 2020
+2 3628
+9 2019
+7 25
-2 25
+2 2264
-2 2214
+2 5760
-10 11195
+2 8956
+1 14345
+7 1011
-21 2022
+50 3
+1 1
+1 3
+3 2
+37 2
cob=(1)
cfi=(2)
cfn=(54)
calls=1 694 
* 2
+3 9
-28 1
+1 1
+21 2

fl=(87) /build/glibc-bDJTDn/glibc-2.24/io/../sysdeps/unix/syscall-template.S
fn=(408) write
84 2
cfn=(410) __write_nocancel
calls=1 * 
* 5

fn=(410)
84 5

fn=(358) read
84 166
cfn=(360) __read_nocancel
calls=83 * 
* 415

fn=(360)
84 415

fl=(66) /build/glibc-bDJTDn/glibc-2.24/setjmp/../sysdeps/x86_64/bsd-_setjmp.S
fn=(280) _setjmp
30 1
+2 1
cfi=(67) /build/glibc-bDJTDn/glibc-2.24/setjmp/../sysdeps/x86_64/setjmp.S
cfn=(282) __sigsetjmp
calls=1 -6 
* 26

fl=(96) /build/glibc-bDJTDn/glibc-2.24/stdlib/cxa_thread_atexit_impl.c
fn=(434) __call_tls_dtors
145 3
+1 4
+18 4

fl=(100) /build/glibc-bDJTDn/glibc-2.24/posix/../sysdeps/unix/sysv/linux/_exit.c
fn=(498) _Exit
27 2
+4 1
+2 2

fl=(72)
fn=(300)
28 240080
+4 30010
+1 90030
-1 150050
+1 90030
cfi=(73) /build/glibc-bDJTDn/glibc-2.24/stdio-common/vfscanf.c
cfn=(302) _IO_vfscanf
calls=30010 279 
* 41356210
+4 60020

fl=(48) /build/glibc-bDJTDn/glibc-2.24/elf/../sysdeps/unix/sysv/linux/dl-vdso.c
fn=(190) _dl_vdso_vsym
27 8
+4 8
-3 4
+20 4

fl=(51)
fn=(200)
37 1
-1 1
+1 6
fi=(47) /build/glibc-bDJTDn/glibc-2.24/time/../sysdeps/generic/dl-hash.h
+11 3
+14 4
-17 3
+3 9
+14 12
-17 9
+22 1
fe=(51)
-30 2
+3 2
-3 1
+3 1
cfi=(48)
cfn=(190)
calls=1 -13 
* 6
+1 3
+1 2

fl=(64)
fn=(260)
134 7
+4 1
-4 3
+4 4
+82 1
-82 1
+82 1
+1 4
cfi=(65) /build/glibc-bDJTDn/glibc-2.24/stdlib/cxa_atexit.c
cfn=(262) __cxa_atexit
calls=1 57 
* 60
+22 4
+3 2
+1 5
cob=(5)
cfi=(63)
cfn=(266)
calls=1 0 
* 57
+4 4
+15 2
+12 2
cfi=(66)
cfn=(280)
calls=1 30 
* 28
+1 2
+5 2
+1 2
+3 2
+3 6
cob=(5)
cfi=(69)
cfn=(286)
calls=1 30 
* 67077599
+34 2
cfi=(95) /build/glibc-bDJTDn/glibc-2.24/stdlib/exit.c
cfn=(430) exit
calls=1 105 
* 1151
* 2

fl=(83) /build/glibc-bDJTDn/glibc-2.24/malloc/morecore.c
fn=(344) __default_morecore
46 16
+1 16
cfi=(84) /build/glibc-bDJTDn/glibc-2.24/misc/sbrk.c
cfn=(346) sbrk
calls=16 -13 
* 633
+2 48
+3 32

fl=(98)
fn=(448)
31 8
+17 2
-17 8
+4 8
+4 14
-4 6
+32 6
+4 14
-4 6
+12 4
+3 2
-2 2
+2 12
-2 2
cfi=(99) /build/glibc-bDJTDn/glibc-2.24/nptl/unregister-atfork.c
cfn=(450) __unregister_atfork
calls=2 -44 
* 8

fl=(60) /build/glibc-bDJTDn/glibc-2.24/ctype/ctype-info.c
fn=(246) __ctype_init
31 5
+2 1
+2 1
-4 1
+4 1
-4 1
+2 3
+2 3

fl=(68) /build/glibc-bDJTDn/glibc-2.24/setjmp/sigjmp.c
fn=(284) __sigjmp_save
29 1
-1 2
+1 2
+5 3

fl=(65)
fn=(262)
57 5
-22 1
+22 1
-22 1
cfn=(264) __new_exitfn
calls=1 +38 
* 38
+2 2
+4 1
+3 1
+1 1
-4 2
+2 1
+4 1
+1 1
+11 4

fn=(264)
73 2
+6 1
-6 1
+6 1
-6 1
+6 4
+2 6
+2 3
-2 1
+10 2
-10 2
+45 1
+1 1
+3 4
+3 5
-21 1
+1 2

fl=(78)
fn=(422)
2951 120020
+1 120020
+6 120020
+5 60010
-2 60010
+2 120020
+18 180027
+1 120018
cfn=(424) _int_free
calls=60009 3876 
* 4380657
-15 3
+2 4
+1 2
+2 2
+1 2
+4 2
cfn=(426) munmap_chunk
calls=1 2836 
* 31
-7 2

fn=(338) malloc_consolidate
4179 2
+70 1
cfn=(340) malloc_init_state
calls=1 1804 
* 648

fn=(340)
1804 4
+8 3
-3 2
+3 378
-3 252
+7 3
+8 1
-4 1
+3 1
-2 2
+3 1

fn=(426)
2836 3
+2 2
+4 3
+3 3
+1 1
+6 7
+7 1
+1 3
+5 1
cfi=(94) /build/glibc-bDJTDn/glibc-2.24/misc/../sysdeps/unix/syscall-template.S
cfn=(428) munmap
calls=1 84 
* 5
-23 2

fn=(342) sysmalloc
2277 128
+20 16
+11 16
-11 16
+11 16
+1 93
fi=(80) /build/glibc-bDJTDn/glibc-2.24/malloc/arena.c
485 60
fe=(78)
2324 45
+65 15
+1 45
+10 15
-9 15
+9 47
+6 45
+3 45
2730 30
+1 15
+5 30
+3 30
+5 15
-3 15
+3 15
-2 15
+2 45
+1 15
-1 15
-1 15
+1 30
+1 15
+2 15
+6 128
2400 98
-90 3
+14 4
+6 2
+19 3
+15 3
+5 3
+1 5
+3 3
+1 5
+4 2
+84 45
+19 15
-11 15
+11 30
-11 15
+1 15
+10 30
+8 15
-8 15
+8 15
+2 90
cfi=(83)
cfn=(344)
calls=15 46 
* 720
+4 15
-4 15
+4 60
+3 60
+1 30
+46 30
+2 30
+6 15
-6 15
+6 43
+1 70
+2 6
+37 2
+6 4
+19 1
+3 2
+1 5
+2 2
+1 5
cfi=(83)
cfn=(344)
calls=1 46 
* 25
+12 4
+8 2
+1 4
+39 1
+1 1
-2 1
+1 2
+12 1
-12 1
+1 1
+11 1
2546 2
2332 7
cfi=(91) /build/glibc-bDJTDn/glibc-2.24/misc/../sysdeps/unix/sysv/linux/wordsize-64/mmap.c
cfn=(374) mmap
calls=1 33 
* 33
+2 2

fn=(424)
3876 600090
+13 180027
+6 240036
+1 120018
+11 240036
+13 120018
+11 240036
+1 180027
1895 60009
3956 60009
1895 120018
3958 180027
+1 120018
+4 60009
-4 60009
+1 60009
+9 360054
+9 240036
+2 60009
+2 360054
4140 480072
3984 240036

fn=(320)
2914 180036
+5 120024
+1 120024
+3 480088
+2 180033
cfn=(336) _int_malloc
calls=60011 3354 
* 9063985
+3 60011
-3 60011
+3 60011
+8 240044
+2 600105
+3 300055
-18 360066
-2 1
+20 3
-20 1
cfi=(79) /build/glibc-bDJTDn/glibc-2.24/malloc/hooks.c
cfn=(322) malloc_hook_ini
calls=1 30 
* 59222

fn=(321) malloc'2
2914 3
+5 2
+1 2
+3 8
+2 3
cfn=(336)
calls=1 3354 
* 1022
+3 1
-3 1
+3 1
+8 4
+2 10
+3 5
-18 6

fn=(336)
3354 420084
+30 660132
+6 60012
-2 60012
-4 60012
+4 60012
+14 120024
+2 180027
+2 60009
-2 60009
+1 60009
+5 120018
+29 120024
+2 180027
+1 180027
+2 60009
-2 60009
+2 120018
+39 22
+1 6
+1 2
cfn=(338)
calls=1 4179 
* 651
3854 600120
-2 60012
+2 60012
-2 60012
+2 120024
-2 60012
3524 60012
3854 780156
3524 60012
-20 300060
1888 59996
3840 59996
1888 119992
3868 540108
3638 120024
+73 120024
+1 120024
+3 60012
-2 60012
+2 60012
-2 60012
+1 120024
+6 120024
+7 720112
-3 720120
3827 60012
+1 120024
+2 120024
+17 32
3640 12
+3 3
-3 3
+3 6
3483 3
3862 48
cfn=(342)
calls=16 2277 
* 2709
+1 16
-1 16
+1 16
1888 48
3483 16
3835 59996
-3 59996
+3 59996
-2 59996
+2 239984
+2 59996
-2 59996
-1 59996
+1 119992
+2 119992

fl=(91)
fn=(374)
33 1
-1 10
+1 3
+1 10
+2 7
-3 2

fl=(76) /build/glibc-bDJTDn/glibc-2.24/libio/filedoalloc.c
fn=(312) _IO_file_doallocate
78 10
+6 8
fi=(86)
936 6
+2 4
+1 4
fe=(76)
84 6
cfi=(75)
cfn=(314) _IO_file_stat
calls=2 1237 
* 26
* 4
+2 8
+11 3
+4 4
cob=(2)
cfi=(16)
cfn=(318)
calls=2 0 
* 59418
* 2
+2 2
-1 4
+2 8
cfi=(74)
cfn=(350) _IO_setb
calls=2 380 
* 36
+1 2
+1 10
-15 1
fi=(102) /build/glibc-bDJTDn/glibc-2.24/libio/../sysdeps/unix/sysv/linux/sys/sysmacros.h
-50 6
fe=(76)
+50 1
-2 2
+8 1
-3 1
+3 2

fl=(73)
fn=(302)
279 300100
+11 30010
-11 60020
+11 60020
+1 30010
fi=(90) /build/glibc-bDJTDn/glibc-2.24/stdio-common/../include/scratch_buffer.h
79 30010
fe=(73)
291 30010
fi=(90)
78 120040
fe=(73)
341 180060
+6 90031
+3 150050
+4 30010
+20 30010
-20 30010
+20 30010
-13 60020
+6 30010
+2 90030
+5 30010
-5 30010
+5 180060
2671 30010
334 30010
-49 30010
-1 60020
+95 30010
2671 30010
2215 30010
295 30010
-12 30010
+47 60020
-1 30010
-1 60020
-1 30010
-12 30010
2215 60020
383 270090
+37 120040
+24 60020
-1 60020
+1 60020
+5 120040
347 60018
+27 450150
223 60020
+1 120040
489 300100
+49 540180
3024 390130
fi=(90)
86 150050
fe=(73)
3027 90030
+3 60020
+17 60020
+6 270090
483 60020
+12 60020
+12 300100
+21 120040
+7 60020
-7 180060
+90 120040
+5 240080
+1 180060
+3 420140
+1 300100
+6 840213
+3 480156
-3 240078
+3 120040
+1 60020
+1 180060
-1 60020
+1 180060
+4 60020
-4 300100
cfi=(74)
cfn=(362) _IO_sputbackc
calls=60020 +40 
* 1080360
+4 600200
-19 180060
+10 105
cfi=(74)
cfn=(304) __uflow
calls=15 350 
* 61517
* 105
-96 120040
1404 480160
+5 60020
-5 60020
+5 120040
+9 240080
+26 300100
1748 420140
-9 795850
+2 675810
+5 2958910
261 555770
+3 833655
1805 1111540
+2 2500693
-68 555634
+68 68
-68 240216
+71 180060
+7 120040
215 60020
1818 120040
+28 480160
cfi=(74)
cfn=(362)
calls=60020 679 
* 1080360
* 120040
261 180060
+3 180060
1850 120040
+17 360120
+1 300100
cfi=(88) /build/glibc-bDJTDn/glibc-2.24/stdlib/../stdlib/strtol.c
cfn=(364) __strtol_internal
calls=60020 98 
* 11069313
* 120040
+6 180060
+3 300100
+2 120040
+4 180060
+23 120040
639 60020
1396 60020
+1 60020
-2 60020
+2 60020
1748 300100
+59 204
cfi=(74)
cfn=(304)
calls=68 350 
* 9860
* 272
1441 240080
454 90030
3014 60020
1819 36
+1 36
+65 120040
+2 120040
+1 180060
+14 600200
634 30

fl=(99)
fn=(450)
36 2
+3 4
+82 2

fl=(89) /build/glibc-bDJTDn/glibc-2.24/stdlib/../stdlib/strtol_l.c
fn=(366) ____strtol_l_internal
227 120040
+48 60020
-48 300100
+47 60020
-47 60020
+26 60020
-26 60020
+26 60020
+31 240080
+9 360120
+2 120040
+5 120040
+5 60020
-6 60020
+7 180060
+3 180060
+10 120040
+7 120040
435 300100
+26 60020
+12 60020
-11 60020
+11 60020
-11 120040
+11 120040
-36 833655
-4 555770
+2 1171560
+44 120040
+5 180060
+1 60020
+5 120040
+3 180060
+33 480160
329 300100
-82 120040
465 833655
+3 1303588
+5 277885
+1 1111540
+17 120040

fl=(67)
fn=(282)
26 1
+9 1
+1 2
+1 1
+4 1
+1 1
+1 1
+1 1
+1 1
+2 2
+2 1
+1 1
+3 2
+2 1
+8 1
cfi=(68)
cfn=(284)
calls=1 -34 
* 8

fl=(77) /build/glibc-bDJTDn/glibc-2.24/io/../sysdeps/unix/sysv/linux/wordsize-64/fxstat.c
fn=(316) _fxstat
34 4
+1 12
+4 2

fl=(79)
fn=(322)
30 2
fi=(80)
257 3
fe=(79)
29 3
cfi=(80)
cfn=(324) ptmalloc_init.part.5
calls=1 255 
* 58143
* 1
+4 1
-1 1
cfi=(78)
cfn=(321)
calls=1 2914 
* 1068

fl=(95)
fn=(430)
105 1
-1 1
+1 3
cfn=(432) __run_exit_handlers
calls=1 -70 
* 1146

fn=(432)
35 8
+5 3
+7 6
+4 3
-4 3
+4 3
+3 1
-1 1
+2 5
+33 1
+1 1
-1 1
+1 1
+6 2
+1 5
cfi=(74)
cfn=(480) _IO_cleanup
calls=1 954 
* 441
* 3
+2 2
cfi=(100)
cfn=(498)
calls=1 -71 
* 5
-19 1
+4 1
-4 1
+2 1
+2 1
-2 2
+2 1
cob=(1)
cfi=(97)
cfn=(436)
calls=1 +47 
* 629
+1 1
-43 1
cfi=(96)
cfn=(434)
calls=1 145 
* 11
* 1

fl=(88)
fn=(364)
98 180060
cfi=(89)
cfn=(366)
calls=60020 227 
* 10889253

fl=(49)
fn=(196)
45 1
+1 1
+1 1
+1 1
+1 1
+1 1

fn=(192)
45 1
+1 1
+1 1
+1 1
+1 1
+1 1

fl=(94)
fn=(428)
84 4
+1 1

fn=(496) lseek
84 4
+1 1

fl=(61)
fn=(250) handle_intel
263 6
-2 6
+13 3
-13 18
+10 3
+1 6
-3 9
+23 12
cfn=(252) intel_check_word
calls=3 133 
* 1020
+1 6
+3 15
cfn=(252)
calls=3 133 
* 598
+1 6
+3 10
cfn=(252)
calls=2 133 
* 48
+1 4
+3 10
cfn=(252)
calls=2 133 
* 270
+1 4
-25 6
+5 3
-5 9
+5 3
+2 3
+1 3
-1 6
+27 24

fn=(252)
133 20
+6 10
-7 50
+7 40
-7 10
+7 10
+2 10
-2 10
+2 10
+68 16
+3 48
-69 8
+2 16
-2 14
+2 28
+8 44
+51 44
+22 22
fi=(62) /build/glibc-bDJTDn/glibc-2.24/string/../bits/stdlib-bsearch.h
27 22
+1 44
+3 44
+1 22
fe=(61)
+89 44
fi=(62)
-90 76
+1 38
fe=(61)
+89 76
+3 140
fi=(62)
-95 98
+2 98
-2 98
+2 172
+1 86
fe=(61)
+89 172
231 24
+14 6
+6 19
141 38
-6 7
256 42
fi=(62)
37 42
-8 88
fe=(61)
233 3
+2 6
+2 3
+19 18

fn=(248)
481 7
+12 4
770 3
+1 8
495 4
cfn=(250)
calls=1 263 
* 776
+2 2
-2 1
+2 1
cfn=(250)
calls=1 263 
* 846
+5 2
-5 1
+5 1
cfn=(250)
calls=1 263 
* 489
+8 1
-8 1
+8 1
+11 1
-20 1
+25 2
+4 2
+8 6
+3 2
+9 6
+14 2
+4 1
+3 1
+1 1
-4 1
+3 1
-3 1
+3 1
+6 4
-39 3
+3 9
+6 6
-6 3
+6 2
+3 20
+5 2
+4 1
+1 1
-1 3
682 4
+1 4
+4 2
+60 2
+2 1
+1 1
+2 1
-3 1
+5 1
-5 1
+4 3
+4 2
+2 1
+1 1
+2 1
-3 1
+5 1
-5 1
+4 4
583 2
+8 8
+2 3
+4 2
-4 1
-2 1
+4 1
+23 4
-23 6
+2 6
+2 2
+1 2
+1 8
+2 4
+3 2
+5 1
+2 2
+1 1
-1 1
+2 1
-2 1
+1 2
+7 2
+4 2
+3 1
+2 2
+1 1
-1 2
+1 1
+5 2
+6 2
+1 2
+1 1
+1 2

fl=(93)
fn=(392)
66 1
+1 1
+1 1
+1 1
+1 1
+1 1
+1 1
+2 1
+2 1
+60 1
+1 14
+1 8

fl=(74)
fn=(350)
380 6
+1 8
+3 2
+2 8
-3 2
+3 4
+3 6

fn=(490) _IO_default_setbuf
522 4
fi=(86)
936 2
fe=(74)
522 6
fi=(86)
936 2
fe=(74)
522 6
+1 2
fi=(86)
936 2
+2 4
+1 4
fe=(74)
523 4
cfi=(75)
cfn=(492) _IO_file_sync@@GLIBC_2.2.5
calls=2 876 
* 56
* 4
+9 2
-7 2
+7 2
-7 2
+10 4
+2 2
-2 2
+1 6
+2 12
381 2
527 2
+1 2
-1 2
+1 2
381 8
+7 2
-5 2
+1 2
+4 4

fn=(482) _IO_flush_all_lockp
766 8
+6 2
fi=(86)
936 2
fe=(74)
772 1
+11 1
fi=(86)
936 2
fe=(74)
782 3
-1 3
+1 3
+3 9
+10 6
+4 3
-2 3
+2 6
+7 3
-7 3
-20 6
+31 2
+2 3
+4 9
-38 1
-1 1
-5 1
+7 2
+6 12

fn=(304)
350 249
-2 332
+8 166
+3 249
+2 166
+6 166
+7 83
fi=(86)
936 249
+2 166
+1 166
fe=(74)
374 83
+1 83
-1 83
+1 166
-1 83
cfn=(306) _IO_default_uflow
calls=83 +38 
* 68555
-24 166
+22 166

fn=(480)
954 2
+3 1
-3 5
+3 1
cfn=(482)
calls=1 766 
* 95
-63 1
+63 1
-63 2
fi=(86)
+42 2
fe=(74)
-32 1
fi=(86)
+32 2
fe=(74)
-32 6
+8 10
+2 4
+2 2
+1 2
-1 2
+2 4
+3 2
fi=(86)
+17 4
+1 4
fe=(74)
-18 8
cfi=(75)
cfn=(488) _IO_file_setbuf@@GLIBC_2.2.5
calls=2 458 
* 188
+2 6
+4 4
+7 3
-40 9
+2 9
+2 6
+6 24
+65 9
-42 6
+1 16

fn=(310) _IO_doallocbuf
395 4
-1 6
+3 8
+1 2
fi=(86)
936 6
+2 4
+1 4
fe=(74)
398 4
cfi=(76)
cfn=(312)
calls=2 78 
* 59579
* 4
+3 8

fn=(354) _IO_switch_to_get_mode
175 332
+1 249
+3 249
+5 83
-1 166
+1 83
+7 83
-4 83
+2 166
+2 83
+1 83
+1 332

fn=(306)
412 166
fi=(86)
936 166
fe=(74)
412 166
+1 83
fi=(86)
936 83
+2 166
+1 166
fe=(74)
413 166
cfi=(75)
cfn=(308) _IO_file_underflow@@GLIBC_2.2.5
calls=83 547 
* 66563
+1 166
+2 332
+1 332

fn=(362)
679 480160
+3 360120
+1 240080
+9 120040
+3 480160
-10 480160

fn=(402)
228 2
+2 3
+2 1
fi=(86)
936 3
+2 2
+1 2
fe=(74)
232 1
+1 2
-1 1
cfi=(75)
cfn=(396) _IO_file_overflow@@GLIBC_2.2.5
calls=1 816 
* 149

fn=(400) _IO_default_xsputn
425 2
-3 5
fi=(86)
936 1
fe=(74)
422 2
fi=(86)
936 3
fe=(74)
422 1
fi=(86)
936 3
fe=(74)
430 44
+25 32
fi=(86)
938 20
+1 20
fe=(74)
455 40
cfi=(75)
cfn=(396)
calls=10 816 
* 320
* 20
+2 10
-2 20
+4 1
+1 3
-1 1
+1 5

fl=(46)
fn=(186)
38 1
-1 1
+1 6
fi=(47)
+10 3
+14 4
-17 3
+3 9
+14 12
-17 9
+22 1
fe=(46)
-29 2
+3 2
-3 1
+3 1
cfi=(48)
cfn=(190)
calls=1 -14 
* 6
+1 3
+1 2

fl=(59) /build/glibc-bDJTDn/glibc-2.24/string/../sysdeps/x86_64/strrchr.S
fn=(244) rindex
24 1
+1 1
+1 1
+1 1
+1 1
+1 1
+1 1
+1 1
+1 1
+1 1
+1 1
+1 1
+1 1
+1 1
+1 1
+1 1
+1 1
+1 1
+1 1
+1 1
+1 1
+1 1
+1 1
+1 1

fl=(75)
fn=(396)
816 36
+7 12
-8 60
+8 45
+35 24
+3 22
+3 33
+1 33
+1 55
+5 44
-45 2
+12 2
+9 4
+5 2
+3 1
-4 1
+3 2
-5 1
+1 1
+4 1
+1 4
+1 2
+12 2
-1 1
+1 1
-1 1
cfn=(398) _IO_do_write@@GLIBC_2.2.5
calls=1 502 
* 110
* 2
-7 1
-1 1
+12 3
-11 1
-1 1
cfn=(398)
calls=1 502 
* 4
-31 2
cfi=(74)
cfn=(310)
calls=1 395 
* 294
+1 6

fn=(404) new_do_write
509 10
+2 2
+15 1
fi=(86)
938 2
+1 2
fe=(75)
526 4
cfn=(406) _IO_file_write@@GLIBC_2.2.5
calls=1 1266 
* 44
+1 1
-1 1
+1 4
+6 1
-4 1
+4 1
-4 3
+1 2
+3 1
-2 1
+4 9
-17 7
+14 2

fn=(394)
1295 1
-1 2
-6 6
+13 6
+17 4
+44 2
+1 6
-41 1
+17 1
fi=(86)
936 3
+2 2
+1 2
fe=(75)
1339 3
cfn=(396)
calls=1 816 
* 348
* 2
+6 2
+1 6
+2 3
+11 2
+1 4
cfi=(74)
cfn=(400)
calls=1 425 
* 553
* 2

fn=(356) _IO_file_read
1224 332
cfi=(87)
cfn=(358)
calls=83 84 
* 581

fn=(398)
502 6
-2 2
+2 1
cfn=(404)
calls=1 +7 
* 99
* 4
+1 2

fn=(492)
876 8
+5 8
+2 2
+1 4
+6 1
fi=(86)
+46 3
+2 2
+1 2
fe=(75)
-49 3
cfn=(494) _IO_file_seek
calls=1 1231 
* 7
+1 2
+1 2
+9 1
+4 1
-4 1
+4 3
-4 1
+4 1
-4 1
+4 3

fn=(494)
1231 2
cfi=(94)
cfn=(496)
calls=1 84 
* 5

fn=(308)
547 249
+6 249
-14 415
+17 249
+13 166
fi=(86)
863 83
fe=(75)
589 166
cfi=(74)
cfn=(354)
calls=83 175 
* 1992
+11 83
-5 83
fi=(86)
938 83
fe=(75)
595 166
fi=(86)
938 83
fe=(75)
596 83
+2 83
fi=(86)
939 83
fe=(75)
597 166
fi=(86)
939 83
fe=(75)
600 332
cfn=(356)
calls=83 1224 
* 913
+2 166
+16 83
-9 83
+9 166
+2 83
+1 166
-1 83
+1 332
-67 249
+5 3
+5 2
cfi=(74)
cfn=(310)
calls=1 395 
* 59335
* 2

fn=(314)
1237 2
+1 6
cfi=(77)
cfn=(316)
calls=2 34 
* 18

fn=(406)
1266 1
-2 6
+2 4
+4 2
+1 4
cfi=(87)
cfn=(408)
calls=1 84 
* 7
+1 2
+5 1
+1 1
-12 2
+5 2
+10 3
+3 9

fn=(488)
458 4
+1 2
cfi=(74)
cfn=(490)
calls=2 +63 
* 158
* 4
+4 4
-1 4
+2 6
+2 2
+1 4

fl=(80)
fn=(324)
255 6
+13 1
-8 1
+8 1
+6 3
+2 5
+16 2
-56 60
-18 183
+2 120
337 2
+7 2
+1 2
+3 1
+1 7
-80 5
cfi=(81)
cfn=(326)
calls=1 127 
* 57736
* 2
+1 4

fl=(45)
fn=(184)
109 1
+1 1
+1 1
+1 1
+1 1
+1 1
+1 1
+1 1
+1 1
+5 1

fn=(194)
129 1
+1 1
+1 1
+1 1
+1 1
+1 1
+1 1
+1 1
+1 1
+5 1

fl=(55)
fn=(236)
52 8
+6 3
+14 1
fi=(57) /build/glibc-bDJTDn/glibc-2.24/csu/../sysdeps/unix/sysv/linux/x86_64/init-first.c
-36 1
fe=(55)
+34 1
+1 1
fi=(57)
-35 3
fe=(55)
+36 1
fi=(57)
-36 3
fi=(56) /build/glibc-bDJTDn/glibc-2.24/csu/../sysdeps/generic/dl-hash.h
+12 3
+14 4
-17 3
+3 9
+14 12
-17 9
+22 1
fi=(57)
-31 2
+2 2
-2 1
+2 2
cfi=(48)
cfn=(190)
calls=1 -11 
* 6
+1 2
+5 2
-3 2
+1 1
+2 1
cfi=(48)
cfn=(190)
calls=1 -17 
* 6
fe=(55)
+42 3
fi=(57)
-41 2
+1 1
fe=(55)
+40 1
cfi=(58) /build/glibc-bDJTDn/glibc-2.24/misc/init-misc.c
cfn=(242) __init_misc
calls=1 -55 
* 48
+8 1
cfi=(60)
cfn=(246)
calls=1 -63 
* 16
+5 6
-34 1
-7 1
+7 4
fi=(57)
-25 2
fe=(55)

fl=(58)
fn=(242)
31 2
-1 3
+1 4
+2 3
cfi=(59)
cfn=(244)
calls=1 -9 
* 24
+1 2
+3 3
+1 3
+2 4

fl=(84)
fn=(346)
34 16
+8 16
-8 48
+8 93
+4 32
+4 90
+12 5
-19 2
cfi=(85) /build/glibc-bDJTDn/glibc-2.24/misc/../sysdeps/unix/sysv/linux/x86_64/brk.c
cfn=(348) brk
calls=1 -12 
* 12
* 4
+15 30
cfi=(85)
cfn=(348)
calls=15 -27 
* 180
* 30
+4 75

fl=(50)
fn=(198)
30 1
+1 1
+1 1
+1 1
+1 1
+1 1

fl=(85)
fn=(348)
31 128
+8 16
-6 32
+7 16

totals: 67175240
